0.33393500 0.25000000 0.33369500
0.33452000 0.00000000 0.33255500
0.45759000 0.37337000 0.33356000
0.45759000 0.12663000 0.33356000
0.41548000 0.25000000 0.16744500
0.41606500 0.00000000 0.16630500
0.29241000 0.12337000 0.16644000
0.29241000 0.37663000 0.16644000
0.37500000 0.12500000 0.00000000
0.37500000 0.37500000 0.00000000
0.00000000 0.25000000 0.00000000
0.00000000 0.00000000 0.00000000
0.08393500 0.00000000 0.33369500
0.08452000 0.25000000 0.33255500
0.20759000 0.12337000 0.33356000
0.20759000 0.37663000 0.33356000
0.16548000 0.00000000 0.16744500
0.16606500 0.25000000 0.16630500
0.04241000 0.37337000 0.16644000
0.04241000 0.12663000 0.16644000
0.12500000 0.37500000 0.00000000
0.12500000 0.12500000 0.00000000
0.25000000 0.00000000 0.00000000
0.25000000 0.25000000 0.00000000
0.00000000 0.25000000 0.25000000
0.25000000 0.00000000 0.25000000
0.00000000 0.00000000 0.25000000
0.25000000 0.25000000 0.25000000
0.33343000 0.25000000 0.08338500
0.33353500 0.00000000 0.08284000
0.45817000 0.37496000 0.08320000
0.45817000 0.12504000 0.08320000
0.41646500 0.25000000 0.41716000
0.41657000 0.00000000 0.41661500
0.29183000 0.12496000 0.41680000
0.29183000 0.37504000 0.41680000
0.37500000 0.12500000 0.25000000
0.37500000 0.37500000 0.25000000
0.08343000 0.00000000 0.08338500
0.08353500 0.25000000 0.08284000
0.20817500 0.12496000 0.08320000
0.20817500 0.37504000 0.08320000
0.16646500 0.00000000 0.41716000
0.16657000 0.25000000 0.41661500
0.04182500 0.37496000 0.41680000
0.04182500 0.12504000 0.41680000
0.12500000 0.37500000 0.25000000
0.12500000 0.12500000 0.25000000
0.33866000 0.25000000 0.45480500
0.32923000 0.00000000 0.45165000
0.45648500 0.36766000 0.45459500
0.45648500 0.13234500 0.45459500
0.32958000 0.25000000 0.21122000
0.32980000 0.00000000 0.21254500
0.46108500 0.36943500 0.21051000
0.46108500 0.13056500 0.21051000
0.42020000 0.25000000 0.28745500
0.42042000 0.00000000 0.28878000
0.28891500 0.11943500 0.28949000
0.28891500 0.38056500 0.28949000
0.42077000 0.25000000 0.04835000
0.41134000 0.00000000 0.04519500
0.29351500 0.11765500 0.04540500
0.29351500 0.38234000 0.04540500
0.37311500 0.11657500 0.12057000
0.37311500 0.38342500 0.12057000
0.25602500 0.00000000 0.12005000
0.49581500 0.00000000 0.11851500
0.37688500 0.13342500 0.37943000
0.37688500 0.36657500 0.37943000
0.49397500 0.25000000 0.37995500
0.25418500 0.25000000 0.38148500
0.08866000 0.00000000 0.45480500
0.07923000 0.25000000 0.45165000
0.20648500 0.11765500 0.45459500
0.20648500 0.38234000 0.45459500
0.07958000 0.00000000 0.21122000
0.07980000 0.25000000 0.21254500
0.21108500 0.11943500 0.21051000
0.21108500 0.38056500 0.21051000
0.17020000 0.00000000 0.28745500
0.17042000 0.25000000 0.28878000
0.03891500 0.36943500 0.28949000
0.03891500 0.13056500 0.28949000
0.17077000 0.00000000 0.04835000
0.16134000 0.25000000 0.04519500
0.04351500 0.36766000 0.04540500
0.04351500 0.13234500 0.04540500
0.12311500 0.36657500 0.12057000
0.12311500 0.13342500 0.12057000
0.00602500 0.25000000 0.12005000
0.24581500 0.25000000 0.11851500
0.12688500 0.38342500 0.37943000
0.12688500 0.11657500 0.37943000
0.24397500 0.00000000 0.37995500
0.00418500 0.00000000 0.38148500
0.33393500 0.25000000 0.83369500
0.33452000 0.00000000 0.83255500
0.45759000 0.37337000 0.83356000
0.45759000 0.12663000 0.83356000
0.41548000 0.25000000 0.66744500
0.41606500 0.00000000 0.66630500
0.29241000 0.12337000 0.66644000
0.29241000 0.37663000 0.66644000
0.37500000 0.12500000 0.50000000
0.37500000 0.37500000 0.50000000
0.00000000 0.25000000 0.50000000
0.00000000 0.00000000 0.50000000
0.08393500 0.00000000 0.83369500
0.08452000 0.25000000 0.83255500
0.20759000 0.12337000 0.83356000
0.20759000 0.37663000 0.83356000
0.16548000 0.00000000 0.66744500
0.16606500 0.25000000 0.66630500
0.04241000 0.37337000 0.66644000
0.04241000 0.12663000 0.66644000
0.12500000 0.37500000 0.50000000
0.12500000 0.12500000 0.50000000
0.25000000 0.00000000 0.50000000
0.25000000 0.25000000 0.50000000
0.00000000 0.25000000 0.75000000
0.25000000 0.00000000 0.75000000
0.00000000 0.00000000 0.75000000
0.25000000 0.25000000 0.75000000
0.33343000 0.25000000 0.58338500
0.33353500 0.00000000 0.58284000
0.45817000 0.37496000 0.58320000
0.45817000 0.12504000 0.58320000
0.41646500 0.25000000 0.91716000
0.41657000 0.00000000 0.91661500
0.29183000 0.12496000 0.91680000
0.29183000 0.37504000 0.91680000
0.37500000 0.12500000 0.75000000
0.37500000 0.37500000 0.75000000
0.08343000 0.00000000 0.58338500
0.08353500 0.25000000 0.58284000
0.20817500 0.12496000 0.58320000
0.20817500 0.37504000 0.58320000
0.16646500 0.00000000 0.91716000
0.16657000 0.25000000 0.91661500
0.04182500 0.37496000 0.91680000
0.04182500 0.12504000 0.91680000
0.12500000 0.37500000 0.75000000
0.12500000 0.12500000 0.75000000
0.33866000 0.25000000 0.95480500
0.32923000 0.00000000 0.95165000
0.45648500 0.36766000 0.95459500
0.45648500 0.13234500 0.95459500
0.32958000 0.25000000 0.71122000
0.32980000 0.00000000 0.71254500
0.46108500 0.36943500 0.71051000
0.46108500 0.13056500 0.71051000
0.42020000 0.25000000 0.78745500
0.42042000 0.00000000 0.78878000
0.28891500 0.11943500 0.78949000
0.28891500 0.38056500 0.78949000
0.42077000 0.25000000 0.54835000
0.41134000 0.00000000 0.54519500
0.29351500 0.11765500 0.54540500
0.29351500 0.38234000 0.54540500
0.37311500 0.11657500 0.62057000
0.37311500 0.38342500 0.62057000
0.25602500 0.00000000 0.62005000
0.49581500 0.00000000 0.61851500
0.37688500 0.13342500 0.87943000
0.37688500 0.36657500 0.87943000
0.49397500 0.25000000 0.87995500
0.25418500 0.25000000 0.88148500
0.08866000 0.00000000 0.95480500
0.07923000 0.25000000 0.95165000
0.20648500 0.11765500 0.95459500
0.20648500 0.38234000 0.95459500
0.07958000 0.00000000 0.71122000
0.07980000 0.25000000 0.71254500
0.21108500 0.11943500 0.71051000
0.21108500 0.38056500 0.71051000
0.17020000 0.00000000 0.78745500
0.17042000 0.25000000 0.78878000
0.03891500 0.36943500 0.78949000
0.03891500 0.13056500 0.78949000
0.17077000 0.00000000 0.54835000
0.16134000 0.25000000 0.54519500
0.04351500 0.36766000 0.54540500
0.04351500 0.13234500 0.54540500
0.12311500 0.36657500 0.62057000
0.12311500 0.13342500 0.62057000
0.00602500 0.25000000 0.62005000
0.24581500 0.25000000 0.61851500
0.12688500 0.38342500 0.87943000
0.12688500 0.11657500 0.87943000
0.24397500 0.00000000 0.87995500
0.00418500 0.00000000 0.88148500
0.33393500 0.75000000 0.33369500
0.33452000 0.50000000 0.33255500
0.45759000 0.87337000 0.33356000
0.45759000 0.62663000 0.33356000
0.41548000 0.75000000 0.16744500
0.41606500 0.50000000 0.16630500
0.29241000 0.62337000 0.16644000
0.29241000 0.87663000 0.16644000
0.37500000 0.62500000 0.00000000
0.37500000 0.87500000 0.00000000
0.00000000 0.75000000 0.00000000
0.00000000 0.50000000 0.00000000
0.08393500 0.50000000 0.33369500
0.08452000 0.75000000 0.33255500
0.20759000 0.62337000 0.33356000
0.20759000 0.87663000 0.33356000
0.16548000 0.50000000 0.16744500
0.16606500 0.75000000 0.16630500
0.04241000 0.87337000 0.16644000
0.04241000 0.62663000 0.16644000
0.12500000 0.87500000 0.00000000
0.12500000 0.62500000 0.00000000
0.25000000 0.50000000 0.00000000
0.25000000 0.75000000 0.00000000
0.00000000 0.75000000 0.25000000
0.25000000 0.50000000 0.25000000
0.00000000 0.50000000 0.25000000
0.25000000 0.75000000 0.25000000
0.33343000 0.75000000 0.08338500
0.33353500 0.50000000 0.08284000
0.45817000 0.87496000 0.08320000
0.45817000 0.62504000 0.08320000
0.41646500 0.75000000 0.41716000
0.41657000 0.50000000 0.41661500
0.29183000 0.62496000 0.41680000
0.29183000 0.87504000 0.41680000
0.37500000 0.62500000 0.25000000
0.37500000 0.87500000 0.25000000
0.08343000 0.50000000 0.08338500
0.08353500 0.75000000 0.08284000
0.20817500 0.62496000 0.08320000
0.20817500 0.87504000 0.08320000
0.16646500 0.50000000 0.41716000
0.16657000 0.75000000 0.41661500
0.04182500 0.87496000 0.41680000
0.04182500 0.62504000 0.41680000
0.12500000 0.87500000 0.25000000
0.12500000 0.62500000 0.25000000
0.33866000 0.75000000 0.45480500
0.32923000 0.50000000 0.45165000
0.45648500 0.86766000 0.45459500
0.45648500 0.63234500 0.45459500
0.32958000 0.75000000 0.21122000
0.32980000 0.50000000 0.21254500
0.46108500 0.86943500 0.21051000
0.46108500 0.63056500 0.21051000
0.42020000 0.75000000 0.28745500
0.42042000 0.50000000 0.28878000
0.28891500 0.61943500 0.28949000
0.28891500 0.88056500 0.28949000
0.42077000 0.75000000 0.04835000
0.41134000 0.50000000 0.04519500
0.29351500 0.61765500 0.04540500
0.29351500 0.88234000 0.04540500
0.37311500 0.61657500 0.12057000
0.37311500 0.88342500 0.12057000
0.25602500 0.50000000 0.12005000
0.49581500 0.50000000 0.11851500
0.37688500 0.63342500 0.37943000
0.37688500 0.86657500 0.37943000
0.49397500 0.75000000 0.37995500
0.25418500 0.75000000 0.38148500
0.08866000 0.50000000 0.45480500
0.07923000 0.75000000 0.45165000
0.20648500 0.61765500 0.45459500
0.20648500 0.88234000 0.45459500
0.07958000 0.50000000 0.21122000
0.07980000 0.75000000 0.21254500
0.21108500 0.61943500 0.21051000
0.21108500 0.88056500 0.21051000
0.17020000 0.50000000 0.28745500
0.17042000 0.75000000 0.28878000
0.03891500 0.86943500 0.28949000
0.03891500 0.63056500 0.28949000
0.17077000 0.50000000 0.04835000
0.16134000 0.75000000 0.04519500
0.04351500 0.86766000 0.04540500
0.04351500 0.63234500 0.04540500
0.12311500 0.86657500 0.12057000
0.12311500 0.63342500 0.12057000
0.00602500 0.75000000 0.12005000
0.24581500 0.75000000 0.11851500
0.12688500 0.88342500 0.37943000
0.12688500 0.61657500 0.37943000
0.24397500 0.50000000 0.37995500
0.00418500 0.50000000 0.38148500
0.33393500 0.75000000 0.83369500
0.33452000 0.50000000 0.83255500
0.45759000 0.87337000 0.83356000
0.45759000 0.62663000 0.83356000
0.41548000 0.75000000 0.66744500
0.41606500 0.50000000 0.66630500
0.29241000 0.62337000 0.66644000
0.29241000 0.87663000 0.66644000
0.37500000 0.62500000 0.50000000
0.37500000 0.87500000 0.50000000
0.00000000 0.75000000 0.50000000
0.00000000 0.50000000 0.50000000
0.08393500 0.50000000 0.83369500
0.08452000 0.75000000 0.83255500
0.20759000 0.62337000 0.83356000
0.20759000 0.87663000 0.83356000
0.16548000 0.50000000 0.66744500
0.16606500 0.75000000 0.66630500
0.04241000 0.87337000 0.66644000
0.04241000 0.62663000 0.66644000
0.12500000 0.87500000 0.50000000
0.12500000 0.62500000 0.50000000
0.25000000 0.50000000 0.50000000
0.25000000 0.75000000 0.50000000
0.00000000 0.75000000 0.75000000
0.25000000 0.50000000 0.75000000
0.00000000 0.50000000 0.75000000
0.25000000 0.75000000 0.75000000
0.33343000 0.75000000 0.58338500
0.33353500 0.50000000 0.58284000
0.45817000 0.87496000 0.58320000
0.45817000 0.62504000 0.58320000
0.41646500 0.75000000 0.91716000
0.41657000 0.50000000 0.91661500
0.29183000 0.62496000 0.91680000
0.29183000 0.87504000 0.91680000
0.37500000 0.62500000 0.75000000
0.37500000 0.87500000 0.75000000
0.08343000 0.50000000 0.58338500
0.08353500 0.75000000 0.58284000
0.20817500 0.62496000 0.58320000
0.20817500 0.87504000 0.58320000
0.16646500 0.50000000 0.91716000
0.16657000 0.75000000 0.91661500
0.04182500 0.87496000 0.91680000
0.04182500 0.62504000 0.91680000
0.12500000 0.87500000 0.75000000
0.12500000 0.62500000 0.75000000
0.33866000 0.75000000 0.95480500
0.32923000 0.50000000 0.95165000
0.45648500 0.86766000 0.95459500
0.45648500 0.63234500 0.95459500
0.32958000 0.75000000 0.71122000
0.32980000 0.50000000 0.71254500
0.46108500 0.86943500 0.71051000
0.46108500 0.63056500 0.71051000
0.42020000 0.75000000 0.78745500
0.42042000 0.50000000 0.78878000
0.28891500 0.61943500 0.78949000
0.28891500 0.88056500 0.78949000
0.42077000 0.75000000 0.54835000
0.41134000 0.50000000 0.54519500
0.29351500 0.61765500 0.54540500
0.29351500 0.88234000 0.54540500
0.37311500 0.61657500 0.62057000
0.37311500 0.88342500 0.62057000
0.25602500 0.50000000 0.62005000
0.49581500 0.50000000 0.61851500
0.37688500 0.63342500 0.87943000
0.37688500 0.86657500 0.87943000
0.49397500 0.75000000 0.87995500
0.25418500 0.75000000 0.88148500
0.08866000 0.50000000 0.95480500
0.07923000 0.75000000 0.95165000
0.20648500 0.61765500 0.95459500
0.20648500 0.88234000 0.95459500
0.07958000 0.50000000 0.71122000
0.07980000 0.75000000 0.71254500
0.21108500 0.61943500 0.71051000
0.21108500 0.88056500 0.71051000
0.17020000 0.50000000 0.78745500
0.17042000 0.75000000 0.78878000
0.03891500 0.86943500 0.78949000
0.03891500 0.63056500 0.78949000
0.17077000 0.50000000 0.54835000
0.16134000 0.75000000 0.54519500
0.04351500 0.86766000 0.54540500
0.04351500 0.63234500 0.54540500
0.12311500 0.86657500 0.62057000
0.12311500 0.63342500 0.62057000
0.00602500 0.75000000 0.62005000
0.24581500 0.75000000 0.61851500
0.12688500 0.88342500 0.87943000
0.12688500 0.61657500 0.87943000
0.24397500 0.50000000 0.87995500
0.00418500 0.50000000 0.88148500
0.83393500 0.25000000 0.33369500
0.83452000 0.00000000 0.33255500
0.95759000 0.37337000 0.33356000
0.95759000 0.12663000 0.33356000
0.91548000 0.25000000 0.16744500
0.91606500 0.00000000 0.16630500
0.79241000 0.12337000 0.16644000
0.79241000 0.37663000 0.16644000
0.87500000 0.12500000 0.00000000
0.87500000 0.37500000 0.00000000
0.50000000 0.25000000 0.00000000
0.50000000 0.00000000 0.00000000
0.58393500 0.00000000 0.33369500
0.58452000 0.25000000 0.33255500
0.70759000 0.12337000 0.33356000
0.70759000 0.37663000 0.33356000
0.66548000 0.00000000 0.16744500
0.66606500 0.25000000 0.16630500
0.54241000 0.37337000 0.16644000
0.54241000 0.12663000 0.16644000
0.62500000 0.37500000 0.00000000
0.62500000 0.12500000 0.00000000
0.75000000 0.00000000 0.00000000
0.75000000 0.25000000 0.00000000
0.50000000 0.25000000 0.25000000
0.75000000 0.00000000 0.25000000
0.50000000 0.00000000 0.25000000
0.75000000 0.25000000 0.25000000
0.83343000 0.25000000 0.08338500
0.83353500 0.00000000 0.08284000
0.95817000 0.37496000 0.08320000
0.95817000 0.12504000 0.08320000
0.91646500 0.25000000 0.41716000
0.91657000 0.00000000 0.41661500
0.79183000 0.12496000 0.41680000
0.79183000 0.37504000 0.41680000
0.87500000 0.12500000 0.25000000
0.87500000 0.37500000 0.25000000
0.58343000 0.00000000 0.08338500
0.58353500 0.25000000 0.08284000
0.70817500 0.12496000 0.08320000
0.70817500 0.37504000 0.08320000
0.66646500 0.00000000 0.41716000
0.66657000 0.25000000 0.41661500
0.54182500 0.37496000 0.41680000
0.54182500 0.12504000 0.41680000
0.62500000 0.37500000 0.25000000
0.62500000 0.12500000 0.25000000
0.83866000 0.25000000 0.45480500
0.82923000 0.00000000 0.45165000
0.95648500 0.36766000 0.45459500
0.95648500 0.13234500 0.45459500
0.82958000 0.25000000 0.21122000
0.82980000 0.00000000 0.21254500
0.96108500 0.36943500 0.21051000
0.96108500 0.13056500 0.21051000
0.92020000 0.25000000 0.28745500
0.92042000 0.00000000 0.28878000
0.78891500 0.11943500 0.28949000
0.78891500 0.38056500 0.28949000
0.92077000 0.25000000 0.04835000
0.91134000 0.00000000 0.04519500
0.79351500 0.11765500 0.04540500
0.79351500 0.38234000 0.04540500
0.87311500 0.11657500 0.12057000
0.87311500 0.38342500 0.12057000
0.75602500 0.00000000 0.12005000
0.99581500 0.00000000 0.11851500
0.87688500 0.13342500 0.37943000
0.87688500 0.36657500 0.37943000
0.99397500 0.25000000 0.37995500
0.75418500 0.25000000 0.38148500
0.58866000 0.00000000 0.45480500
0.57923000 0.25000000 0.45165000
0.70648500 0.11765500 0.45459500
0.70648500 0.38234000 0.45459500
0.57958000 0.00000000 0.21122000
0.57980000 0.25000000 0.21254500
0.71108500 0.11943500 0.21051000
0.71108500 0.38056500 0.21051000
0.67020000 0.00000000 0.28745500
0.67042000 0.25000000 0.28878000
0.53891500 0.36943500 0.28949000
0.53891500 0.13056500 0.28949000
0.67077000 0.00000000 0.04835000
0.66134000 0.25000000 0.04519500
0.54351500 0.36766000 0.04540500
0.54351500 0.13234500 0.04540500
0.62311500 0.36657500 0.12057000
0.62311500 0.13342500 0.12057000
0.50602500 0.25000000 0.12005000
0.74581500 0.25000000 0.11851500
0.62688500 0.38342500 0.37943000
0.62688500 0.11657500 0.37943000
0.74397500 0.00000000 0.37995500
0.50418500 0.00000000 0.38148500
0.83393500 0.25000000 0.83369500
0.83452000 0.00000000 0.83255500
0.95759000 0.37337000 0.83356000
0.95759000 0.12663000 0.83356000
0.91548000 0.25000000 0.66744500
0.91606500 0.00000000 0.66630500
0.79241000 0.12337000 0.66644000
0.79241000 0.37663000 0.66644000
0.87500000 0.12500000 0.50000000
0.87500000 0.37500000 0.50000000
0.50000000 0.25000000 0.50000000
0.50000000 0.00000000 0.50000000
0.58393500 0.00000000 0.83369500
0.58452000 0.25000000 0.83255500
0.70759000 0.12337000 0.83356000
0.70759000 0.37663000 0.83356000
0.66548000 0.00000000 0.66744500
0.66606500 0.25000000 0.66630500
0.54241000 0.37337000 0.66644000
0.54241000 0.12663000 0.66644000
0.62500000 0.37500000 0.50000000
0.62500000 0.12500000 0.50000000
0.75000000 0.00000000 0.50000000
0.75000000 0.25000000 0.50000000
0.50000000 0.25000000 0.75000000
0.75000000 0.00000000 0.75000000
0.50000000 0.00000000 0.75000000
0.75000000 0.25000000 0.75000000
0.83343000 0.25000000 0.58338500
0.83353500 0.00000000 0.58284000
0.95817000 0.37496000 0.58320000
0.95817000 0.12504000 0.58320000
0.91646500 0.25000000 0.91716000
0.91657000 0.00000000 0.91661500
0.79183000 0.12496000 0.91680000
0.79183000 0.37504000 0.91680000
0.87500000 0.12500000 0.75000000
0.87500000 0.37500000 0.75000000
0.58343000 0.00000000 0.58338500
0.58353500 0.25000000 0.58284000
0.70817500 0.12496000 0.58320000
0.70817500 0.37504000 0.58320000
0.66646500 0.00000000 0.91716000
0.66657000 0.25000000 0.91661500
0.54182500 0.37496000 0.91680000
0.54182500 0.12504000 0.91680000
0.62500000 0.37500000 0.75000000
0.62500000 0.12500000 0.75000000
0.83866000 0.25000000 0.95480500
0.82923000 0.00000000 0.95165000
0.95648500 0.36766000 0.95459500
0.95648500 0.13234500 0.95459500
0.82958000 0.25000000 0.71122000
0.82980000 0.00000000 0.71254500
0.96108500 0.36943500 0.71051000
0.96108500 0.13056500 0.71051000
0.92020000 0.25000000 0.78745500
0.92042000 0.00000000 0.78878000
0.78891500 0.11943500 0.78949000
0.78891500 0.38056500 0.78949000
0.92077000 0.25000000 0.54835000
0.91134000 0.00000000 0.54519500
0.79351500 0.11765500 0.54540500
0.79351500 0.38234000 0.54540500
0.87311500 0.11657500 0.62057000
0.87311500 0.38342500 0.62057000
0.75602500 0.00000000 0.62005000
0.99581500 0.00000000 0.61851500
0.87688500 0.13342500 0.87943000
0.87688500 0.36657500 0.87943000
0.99397500 0.25000000 0.87995500
0.75418500 0.25000000 0.88148500
0.58866000 0.00000000 0.95480500
0.57923000 0.25000000 0.95165000
0.70648500 0.11765500 0.95459500
0.70648500 0.38234000 0.95459500
0.57958000 0.00000000 0.71122000
0.57980000 0.25000000 0.71254500
0.71108500 0.11943500 0.71051000
0.71108500 0.38056500 0.71051000
0.67020000 0.00000000 0.78745500
0.67042000 0.25000000 0.78878000
0.53891500 0.36943500 0.78949000
0.53891500 0.13056500 0.78949000
0.67077000 0.00000000 0.54835000
0.66134000 0.25000000 0.54519500
0.54351500 0.36766000 0.54540500
0.54351500 0.13234500 0.54540500
0.62311500 0.36657500 0.62057000
0.62311500 0.13342500 0.62057000
0.50602500 0.25000000 0.62005000
0.74581500 0.25000000 0.61851500
0.62688500 0.38342500 0.87943000
0.62688500 0.11657500 0.87943000
0.74397500 0.00000000 0.87995500
0.50418500 0.00000000 0.88148500
0.83393500 0.75000000 0.33369500
0.83452000 0.50000000 0.33255500
0.95759000 0.87337000 0.33356000
0.95759000 0.62663000 0.33356000
0.91548000 0.75000000 0.16744500
0.91606500 0.50000000 0.16630500
0.79241000 0.62337000 0.16644000
0.79241000 0.87663000 0.16644000
0.87500000 0.62500000 0.00000000
0.87500000 0.87500000 0.00000000
0.50000000 0.75000000 0.00000000
0.50000000 0.50000000 0.00000000
0.58393500 0.50000000 0.33369500
0.58452000 0.75000000 0.33255500
0.70759000 0.62337000 0.33356000
0.70759000 0.87663000 0.33356000
0.66548000 0.50000000 0.16744500
0.66606500 0.75000000 0.16630500
0.54241000 0.87337000 0.16644000
0.54241000 0.62663000 0.16644000
0.62500000 0.87500000 0.00000000
0.62500000 0.62500000 0.00000000
0.75000000 0.50000000 0.00000000
0.75000000 0.75000000 0.00000000
0.50000000 0.75000000 0.25000000
0.75000000 0.50000000 0.25000000
0.50000000 0.50000000 0.25000000
0.75000000 0.75000000 0.25000000
0.83343000 0.75000000 0.08338500
0.83353500 0.50000000 0.08284000
0.95817000 0.87496000 0.08320000
0.95817000 0.62504000 0.08320000
0.91646500 0.75000000 0.41716000
0.91657000 0.50000000 0.41661500
0.79183000 0.62496000 0.41680000
0.79183000 0.87504000 0.41680000
0.87500000 0.62500000 0.25000000
0.87500000 0.87500000 0.25000000
0.58343000 0.50000000 0.08338500
0.58353500 0.75000000 0.08284000
0.70817500 0.62496000 0.08320000
0.70817500 0.87504000 0.08320000
0.66646500 0.50000000 0.41716000
0.66657000 0.75000000 0.41661500
0.54182500 0.87496000 0.41680000
0.54182500 0.62504000 0.41680000
0.62500000 0.87500000 0.25000000
0.62500000 0.62500000 0.25000000
0.83866000 0.75000000 0.45480500
0.82923000 0.50000000 0.45165000
0.95648500 0.86766000 0.45459500
0.95648500 0.63234500 0.45459500
0.82958000 0.75000000 0.21122000
0.82980000 0.50000000 0.21254500
0.96108500 0.86943500 0.21051000
0.96108500 0.63056500 0.21051000
0.92020000 0.75000000 0.28745500
0.92042000 0.50000000 0.28878000
0.78891500 0.61943500 0.28949000
0.78891500 0.88056500 0.28949000
0.92077000 0.75000000 0.04835000
0.91134000 0.50000000 0.04519500
0.79351500 0.61765500 0.04540500
0.79351500 0.88234000 0.04540500
0.87311500 0.61657500 0.12057000
0.87311500 0.88342500 0.12057000
0.75602500 0.50000000 0.12005000
0.99581500 0.50000000 0.11851500
0.87688500 0.63342500 0.37943000
0.87688500 0.86657500 0.37943000
0.99397500 0.75000000 0.37995500
0.75418500 0.75000000 0.38148500
0.58866000 0.50000000 0.45480500
0.57923000 0.75000000 0.45165000
0.70648500 0.61765500 0.45459500
0.70648500 0.88234000 0.45459500
0.57958000 0.50000000 0.21122000
0.57980000 0.75000000 0.21254500
0.71108500 0.61943500 0.21051000
0.71108500 0.88056500 0.21051000
0.67020000 0.50000000 0.28745500
0.67042000 0.75000000 0.28878000
0.53891500 0.86943500 0.28949000
0.53891500 0.63056500 0.28949000
0.67077000 0.50000000 0.04835000
0.66134000 0.75000000 0.04519500
0.54351500 0.86766000 0.04540500
0.54351500 0.63234500 0.04540500
0.62311500 0.86657500 0.12057000
0.62311500 0.63342500 0.12057000
0.50602500 0.75000000 0.12005000
0.74581500 0.75000000 0.11851500
0.62688500 0.88342500 0.37943000
0.62688500 0.61657500 0.37943000
0.74397500 0.50000000 0.37995500
0.50418500 0.50000000 0.38148500
0.83393500 0.75000000 0.83369500
0.83452000 0.50000000 0.83255500
0.95759000 0.87337000 0.83356000
0.95759000 0.62663000 0.83356000
0.91548000 0.75000000 0.66744500
0.91606500 0.50000000 0.66630500
0.79241000 0.62337000 0.66644000
0.79241000 0.87663000 0.66644000
0.87500000 0.62500000 0.50000000
0.87500000 0.87500000 0.50000000
0.50000000 0.75000000 0.50000000
0.50000000 0.50000000 0.50000000
0.58393500 0.50000000 0.83369500
0.58452000 0.75000000 0.83255500
0.70759000 0.62337000 0.83356000
0.70759000 0.87663000 0.83356000
0.66548000 0.50000000 0.66744500
0.66606500 0.75000000 0.66630500
0.54241000 0.87337000 0.66644000
0.54241000 0.62663000 0.66644000
0.62500000 0.87500000 0.50000000
0.62500000 0.62500000 0.50000000
0.75000000 0.50000000 0.50000000
0.75000000 0.75000000 0.50000000
0.50000000 0.75000000 0.75000000
0.75000000 0.50000000 0.75000000
0.50000000 0.50000000 0.75000000
0.75000000 0.75000000 0.75000000
0.83343000 0.75000000 0.58338500
0.83353500 0.50000000 0.58284000
0.95817000 0.87496000 0.58320000
0.95817000 0.62504000 0.58320000
0.91646500 0.75000000 0.91716000
0.91657000 0.50000000 0.91661500
0.79183000 0.62496000 0.91680000
0.79183000 0.87504000 0.91680000
0.87500000 0.62500000 0.75000000
0.87500000 0.87500000 0.75000000
0.58343000 0.50000000 0.58338500
0.58353500 0.75000000 0.58284000
0.70817500 0.62496000 0.58320000
0.70817500 0.87504000 0.58320000
0.66646500 0.50000000 0.91716000
0.66657000 0.75000000 0.91661500
0.54182500 0.87496000 0.91680000
0.54182500 0.62504000 0.91680000
0.62500000 0.87500000 0.75000000
0.62500000 0.62500000 0.75000000
0.83866000 0.75000000 0.95480500
0.82923000 0.50000000 0.95165000
0.95648500 0.86766000 0.95459500
0.95648500 0.63234500 0.95459500
0.82958000 0.75000000 0.71122000
0.82980000 0.50000000 0.71254500
0.96108500 0.86943500 0.71051000
0.96108500 0.63056500 0.71051000
0.92020000 0.75000000 0.78745500
0.92042000 0.50000000 0.78878000
0.78891500 0.61943500 0.78949000
0.78891500 0.88056500 0.78949000
0.92077000 0.75000000 0.54835000
0.91134000 0.50000000 0.54519500
0.79351500 0.61765500 0.54540500
0.79351500 0.88234000 0.54540500
0.87311500 0.61657500 0.62057000
0.87311500 0.88342500 0.62057000
0.75602500 0.50000000 0.62005000
0.99581500 0.50000000 0.61851500
0.87688500 0.63342500 0.87943000
0.87688500 0.86657500 0.87943000
0.99397500 0.75000000 0.87995500
0.75418500 0.75000000 0.88148500
0.58866000 0.50000000 0.95480500
0.57923000 0.75000000 0.95165000
0.70648500 0.61765500 0.95459500
0.70648500 0.88234000 0.95459500
0.57958000 0.50000000 0.71122000
0.57980000 0.75000000 0.71254500
0.71108500 0.61943500 0.71051000
0.71108500 0.88056500 0.71051000
0.67020000 0.50000000 0.78745500
0.67042000 0.75000000 0.78878000
0.53891500 0.86943500 0.78949000
0.53891500 0.63056500 0.78949000
0.67077000 0.50000000 0.54835000
0.66134000 0.75000000 0.54519500
0.54351500 0.86766000 0.54540500
0.54351500 0.63234500 0.54540500
0.62311500 0.86657500 0.62057000
0.62311500 0.63342500 0.62057000
0.50602500 0.75000000 0.62005000
0.74581500 0.75000000 0.61851500
0.62688500 0.88342500 0.87943000
0.62688500 0.61657500 0.87943000
0.74397500 0.50000000 0.87995500
0.50418500 0.50000000 0.88148500
