0.9999989452247113    0.0000010547752886    0.0085793584225262
0.6666650953474567    0.3333349046525432    0.3349344879025953
0.3333348127597741    0.6666651872402259    0.6567107211786306
0.3333333199883726    0.6666666800116275    0.1669379140430319
0.9999997264953009    0.0000002735046990    0.4978602663204439
0.6666672261711204    0.3333327738288797    0.8349372017448080
0.9999998226036115    0.0000001773963886    0.2365038919772919
0.6666666229593581    0.3333333770406424    0.0947720084224109
0.6666669101583842    0.3333330898416163    0.5749622277828910
0.3333326979273581    0.6666673020726412    0.4225130223832267
0.3333340455016364    0.6666659544983633    0.9105779838614716
0.0000007748629164    0.9999992251370832    0.7607109159606720
