0.000000000         0.000000000         0.000000000
0.000000000         0.500000000         0.000000000
0.500000000         0.000000000         0.000000000
0.500000000         0.500000000         0.000000000
0.333333335         0.166666665         0.333333330
0.333333335         0.666666665         0.333333330
0.833333335         0.166666665         0.333333330
0.833333335         0.666666665         0.333333330
0.166666665         0.333333335         0.666666670
0.166666665         0.833333335         0.666666670
0.666666665         0.333333335         0.666666670
0.666666665         0.833333335         0.666666670
0.166666665         0.333333335         0.166666670
0.166666665         0.833333335         0.166666670
0.666666665         0.333333335         0.166666670
0.666666665         0.833333335         0.166666670
0.000000000         0.000000000         0.500000000
0.000000000         0.500000000         0.500000000
0.500000000         0.000000000         0.500000000
0.500000000         0.500000000         0.500000000
0.333333335         0.166666665         0.833333330
0.333333335         0.666666665         0.833333330
0.833333335         0.166666665         0.833333330
0.833333335         0.666666665         0.833333330
0.000000000         0.000000000         0.240006800
0.000000000         0.500000000         0.240006800
0.500000000         0.000000000         0.240006800
0.500000000         0.500000000         0.240006800
0.333333335         0.166666665         0.093326530
0.333333335         0.666666665         0.093326530
0.833333335         0.166666665         0.093326530
0.833333335         0.666666665         0.093326530
0.333333335         0.166666665         0.573340130
0.333333335         0.666666665         0.573340130
0.833333335         0.166666665         0.573340130
0.833333335         0.666666665         0.573340130
0.166666665         0.333333335         0.426659870
0.166666665         0.833333335         0.426659870
0.666666665         0.333333335         0.426659870
0.666666665         0.833333335         0.426659870
0.166666665         0.333333335         0.906673470
0.166666665         0.833333335         0.906673470
0.666666665         0.333333335         0.906673470
0.666666665         0.833333335         0.906673470
0.000000000         0.000000000         0.759993200
0.000000000         0.500000000         0.759993200
0.500000000         0.000000000         0.759993200
0.500000000         0.500000000         0.759993200