0.000000000         0.000000000         0.000000000
0.000000000         0.000000000         0.500000000
0.000000000         0.500000000         0.000000000
0.000000000         0.500000000         0.500000000
0.500000000         0.000000000         0.000000000
0.500000000         0.000000000         0.500000000
0.500000000         0.500000000         0.000000000
0.500000000         0.500000000         0.500000000
0.333335000         0.166665000         0.166665000
0.333335000         0.166665000         0.666665000
0.333335000         0.666665000         0.166665000
0.333335000         0.666665000         0.666665000
0.833335000         0.166665000         0.166665000
0.833335000         0.166665000         0.666665000
0.833335000         0.666665000         0.166665000
0.833335000         0.666665000         0.666665000
0.166665000         0.333335000         0.333335000
0.166665000         0.333335000         0.833335000
0.166665000         0.833335000         0.333335000
0.166665000         0.833335000         0.833335000
0.666665000         0.333335000         0.333335000
0.666665000         0.333335000         0.833335000
0.666665000         0.833335000         0.333335000
0.666665000         0.833335000         0.833335000
0.166665000         0.333335000         0.083335000
0.166665000         0.333335000         0.583335000
0.166665000         0.833335000         0.083335000
0.166665000         0.833335000         0.583335000
0.666665000         0.333335000         0.083335000
0.666665000         0.333335000         0.583335000
0.666665000         0.833335000         0.083335000
0.666665000         0.833335000         0.583335000
0.000000000         0.000000000         0.250000000
0.000000000         0.000000000         0.750000000
0.000000000         0.500000000         0.250000000
0.000000000         0.500000000         0.750000000
0.500000000         0.000000000         0.250000000
0.500000000         0.000000000         0.750000000
0.500000000         0.500000000         0.250000000
0.500000000         0.500000000         0.750000000
0.333335000         0.166665000         0.416665000
0.333335000         0.166665000         0.916665000
0.333335000         0.666665000         0.416665000
0.333335000         0.666665000         0.916665000
0.833335000         0.166665000         0.416665000
0.833335000         0.166665000         0.916665000
0.833335000         0.666665000         0.416665000
0.833335000         0.666665000         0.916665000
0.000000000         0.000000000         0.120005000
0.000000000         0.000000000         0.620005000
0.000000000         0.500000000         0.120005000
0.000000000         0.500000000         0.620005000
0.500000000         0.000000000         0.120005000
0.500000000         0.000000000         0.620005000
0.500000000         0.500000000         0.120005000
0.500000000         0.500000000         0.620005000
0.333335000         0.166665000         0.046665000
0.333335000         0.166665000         0.546665000
0.333335000         0.666665000         0.046665000
0.333335000         0.666665000         0.546665000
0.833335000         0.166665000         0.046665000
0.833335000         0.166665000         0.546665000
0.833335000         0.666665000         0.046665000
0.833335000         0.666665000         0.546665000
0.333335000         0.166665000         0.286670000
0.333335000         0.166665000         0.786670000
0.333335000         0.666665000         0.286670000
0.333335000         0.666665000         0.786670000
0.833335000         0.166665000         0.286670000
0.833335000         0.166665000         0.786670000
0.833335000         0.666665000         0.286670000
0.833335000         0.666665000         0.786670000
0.166665000         0.333335000         0.213330000
0.166665000         0.333335000         0.713330000
0.166665000         0.833335000         0.213330000
0.166665000         0.833335000         0.713330000
0.666665000         0.333335000         0.213330000
0.666665000         0.333335000         0.713330000
0.666665000         0.833335000         0.213330000
0.666665000         0.833335000         0.713330000
0.166665000         0.333335000         0.453335000
0.166665000         0.333335000         0.953335000
0.166665000         0.833335000         0.453335000
0.166665000         0.833335000         0.953335000
0.666665000         0.333335000         0.453335000
0.666665000         0.333335000         0.953335000
0.666665000         0.833335000         0.453335000
0.666665000         0.833335000         0.953335000
0.000000000         0.000000000         0.379995000
0.000000000         0.000000000         0.879995000
0.000000000         0.500000000         0.379995000
0.000000000         0.500000000         0.879995000
0.500000000         0.000000000         0.379995000
0.500000000         0.000000000         0.879995000
0.500000000         0.500000000         0.379995000
0.500000000         0.500000000         0.879995000