0.222623 0.166667 0.222463
0.223013 0.000000 0.221703
0.305060 0.248913 0.222373
0.305060 0.084420 0.222373
0.276987 0.166667 0.111630
0.277377 0.000000 0.110870
0.194940 0.082247 0.110960
0.194940 0.251087 0.110960
0.250000 0.083333 0.000000
0.250000 0.250000 0.000000
0.000000 0.166667 0.000000
0.000000 0.000000 0.000000
0.055957 0.000000 0.222463
0.056347 0.166667 0.221703
0.138393 0.082247 0.222373
0.138393 0.251087 0.222373
0.110320 0.000000 0.111630
0.110710 0.166667 0.110870
0.028273 0.248913 0.110960
0.028273 0.084420 0.110960
0.083333 0.250000 0.000000
0.083333 0.083333 0.000000
0.166667 0.000000 0.000000
0.166667 0.166667 0.000000
0.000000 0.166667 0.166667
0.166667 0.000000 0.166667
0.000000 0.000000 0.166667
0.166667 0.166667 0.166667
0.222287 0.166667 0.055590
0.222357 0.000000 0.055227
0.305447 0.249973 0.055467
0.305447 0.083360 0.055467
0.277643 0.166667 0.278107
0.277713 0.000000 0.277743
0.194553 0.083307 0.277867
0.194553 0.250027 0.277867
0.250000 0.083333 0.166667
0.250000 0.250000 0.166667
0.055620 0.000000 0.055590
0.055690 0.166667 0.055227
0.138783 0.083307 0.055467
0.138783 0.250027 0.055467
0.110977 0.000000 0.278107
0.111047 0.166667 0.277743
0.027883 0.249973 0.277867
0.027883 0.083360 0.277867
0.083333 0.250000 0.166667
0.083333 0.083333 0.166667
0.225773 0.166667 0.303203
0.219487 0.000000 0.301100
0.304323 0.245107 0.303063
0.304323 0.088230 0.303063
0.219720 0.166667 0.140813
0.219867 0.000000 0.141697
0.307390 0.246290 0.140340
0.307390 0.087043 0.140340
0.280133 0.166667 0.191637
0.280280 0.000000 0.192520
0.192610 0.079623 0.192993
0.192610 0.253710 0.192993
0.280513 0.166667 0.032233
0.274227 0.000000 0.030130
0.195677 0.078437 0.030270
0.195677 0.254893 0.030270
0.248743 0.077717 0.080380
0.248743 0.255617 0.080380
0.170683 0.000000 0.080033
0.330543 0.000000 0.079010
0.251257 0.088950 0.252953
0.251257 0.244383 0.252953
0.329317 0.166667 0.253303
0.169457 0.166667 0.254323
0.059107 0.000000 0.303203
0.052820 0.166667 0.301100
0.137657 0.078437 0.303063
0.137657 0.254893 0.303063
0.053053 0.000000 0.140813
0.053200 0.166667 0.141697
0.140723 0.079623 0.140340
0.140723 0.253710 0.140340
0.113467 0.000000 0.191637
0.113613 0.166667 0.192520
0.025943 0.246290 0.192993
0.025943 0.087043 0.192993
0.113847 0.000000 0.032233
0.107560 0.166667 0.030130
0.029010 0.245107 0.030270
0.029010 0.088230 0.030270
0.082077 0.244383 0.080380
0.082077 0.088950 0.080380
0.004017 0.166667 0.080033
0.163877 0.166667 0.079010
0.084590 0.255617 0.252953
0.084590 0.077717 0.252953
0.162650 0.000000 0.253303
0.002790 0.000000 0.254323
0.222623 0.166667 0.555797
0.223013 0.000000 0.555037
0.305060 0.248913 0.555707
0.305060 0.084420 0.555707
0.276987 0.166667 0.444963
0.277377 0.000000 0.444203
0.194940 0.082247 0.444293
0.194940 0.251087 0.444293
0.250000 0.083333 0.333333
0.250000 0.250000 0.333333
0.000000 0.166667 0.333333
0.000000 0.000000 0.333333
0.055957 0.000000 0.555797
0.056347 0.166667 0.555037
0.138393 0.082247 0.555707
0.138393 0.251087 0.555707
0.110320 0.000000 0.444963
0.110710 0.166667 0.444203
0.028273 0.248913 0.444293
0.028273 0.084420 0.444293
0.083333 0.250000 0.333333
0.083333 0.083333 0.333333
0.166667 0.000000 0.333333
0.166667 0.166667 0.333333
0.000000 0.166667 0.500000
0.166667 0.000000 0.500000
0.000000 0.000000 0.500000
0.166667 0.166667 0.500000
0.222287 0.166667 0.388923
0.222357 0.000000 0.388560
0.305447 0.249973 0.388800
0.305447 0.083360 0.388800
0.277643 0.166667 0.611440
0.277713 0.000000 0.611077
0.194553 0.083307 0.611200
0.194553 0.250027 0.611200
0.250000 0.083333 0.500000
0.250000 0.250000 0.500000
0.055620 0.000000 0.388923
0.055690 0.166667 0.388560
0.138783 0.083307 0.388800
0.138783 0.250027 0.388800
0.110977 0.000000 0.611440
0.111047 0.166667 0.611077
0.027883 0.249973 0.611200
0.027883 0.083360 0.611200
0.083333 0.250000 0.500000
0.083333 0.083333 0.500000
0.225773 0.166667 0.636537
0.219487 0.000000 0.634433
0.304323 0.245107 0.636397
0.304323 0.088230 0.636397
0.219720 0.166667 0.474147
0.219867 0.000000 0.475030
0.307390 0.246290 0.473673
0.307390 0.087043 0.473673
0.280133 0.166667 0.524970
0.280280 0.000000 0.525853
0.192610 0.079623 0.526327
0.192610 0.253710 0.526327
0.280513 0.166667 0.365567
0.274227 0.000000 0.363463
0.195677 0.078437 0.363603
0.195677 0.254893 0.363603
0.248743 0.077717 0.413713
0.248743 0.255617 0.413713
0.170683 0.000000 0.413367
0.330543 0.000000 0.412343
0.251257 0.088950 0.586287
0.251257 0.244383 0.586287
0.329317 0.166667 0.586637
0.169457 0.166667 0.587657
0.059107 0.000000 0.636537
0.052820 0.166667 0.634433
0.137657 0.078437 0.636397
0.137657 0.254893 0.636397
0.053053 0.000000 0.474147
0.053200 0.166667 0.475030
0.140723 0.079623 0.473673
0.140723 0.253710 0.473673
0.113467 0.000000 0.524970
0.113613 0.166667 0.525853
0.025943 0.246290 0.526327
0.025943 0.087043 0.526327
0.113847 0.000000 0.365567
0.107560 0.166667 0.363463
0.029010 0.245107 0.363603
0.029010 0.088230 0.363603
0.082077 0.244383 0.413713
0.082077 0.088950 0.413713
0.004017 0.166667 0.413367
0.163877 0.166667 0.412343
0.084590 0.255617 0.586287
0.084590 0.077717 0.586287
0.162650 0.000000 0.586637
0.002790 0.000000 0.587657
0.222623 0.166667 0.889130
0.223013 0.000000 0.888370
0.305060 0.248913 0.889040
0.305060 0.084420 0.889040
0.276987 0.166667 0.778297
0.277377 0.000000 0.777537
0.194940 0.082247 0.777627
0.194940 0.251087 0.777627
0.250000 0.083333 0.666667
0.250000 0.250000 0.666667
0.000000 0.166667 0.666667
0.000000 0.000000 0.666667
0.055957 0.000000 0.889130
0.056347 0.166667 0.888370
0.138393 0.082247 0.889040
0.138393 0.251087 0.889040
0.110320 0.000000 0.778297
0.110710 0.166667 0.777537
0.028273 0.248913 0.777627
0.028273 0.084420 0.777627
0.083333 0.250000 0.666667
0.083333 0.083333 0.666667
0.166667 0.000000 0.666667
0.166667 0.166667 0.666667
0.000000 0.166667 0.833333
0.166667 0.000000 0.833333
0.000000 0.000000 0.833333
0.166667 0.166667 0.833333
0.222287 0.166667 0.722257
0.222357 0.000000 0.721893
0.305447 0.249973 0.722133
0.305447 0.083360 0.722133
0.277643 0.166667 0.944773
0.277713 0.000000 0.944410
0.194553 0.083307 0.944533
0.194553 0.250027 0.944533
0.250000 0.083333 0.833333
0.250000 0.250000 0.833333
0.055620 0.000000 0.722257
0.055690 0.166667 0.721893
0.138783 0.083307 0.722133
0.138783 0.250027 0.722133
0.110977 0.000000 0.944773
0.111047 0.166667 0.944410
0.027883 0.249973 0.944533
0.027883 0.083360 0.944533
0.083333 0.250000 0.833333
0.083333 0.083333 0.833333
0.225773 0.166667 0.969870
0.219487 0.000000 0.967767
0.304323 0.245107 0.969730
0.304323 0.088230 0.969730
0.219720 0.166667 0.807480
0.219867 0.000000 0.808363
0.307390 0.246290 0.807007
0.307390 0.087043 0.807007
0.280133 0.166667 0.858303
0.280280 0.000000 0.859187
0.192610 0.079623 0.859660
0.192610 0.253710 0.859660
0.280513 0.166667 0.698900
0.274227 0.000000 0.696797
0.195677 0.078437 0.696937
0.195677 0.254893 0.696937
0.248743 0.077717 0.747047
0.248743 0.255617 0.747047
0.170683 0.000000 0.746700
0.330543 0.000000 0.745677
0.251257 0.088950 0.919620
0.251257 0.244383 0.919620
0.329317 0.166667 0.919970
0.169457 0.166667 0.920990
0.059107 0.000000 0.969870
0.052820 0.166667 0.967767
0.137657 0.078437 0.969730
0.137657 0.254893 0.969730
0.053053 0.000000 0.807480
0.053200 0.166667 0.808363
0.140723 0.079623 0.807007
0.140723 0.253710 0.807007
0.113467 0.000000 0.858303
0.113613 0.166667 0.859187
0.025943 0.246290 0.859660
0.025943 0.087043 0.859660
0.113847 0.000000 0.698900
0.107560 0.166667 0.696797
0.029010 0.245107 0.696937
0.029010 0.088230 0.696937
0.082077 0.244383 0.747047
0.082077 0.088950 0.747047
0.004017 0.166667 0.746700
0.163877 0.166667 0.745677
0.084590 0.255617 0.919620
0.084590 0.077717 0.919620
0.162650 0.000000 0.919970
0.002790 0.000000 0.920990
0.222623 0.500000 0.222463
0.223013 0.333333 0.221703
0.305060 0.582247 0.222373
0.305060 0.417753 0.222373
0.276987 0.500000 0.111630
0.277377 0.333333 0.110870
0.194940 0.415580 0.110960
0.194940 0.584420 0.110960
0.250000 0.416667 0.000000
0.250000 0.583333 0.000000
0.000000 0.500000 0.000000
0.000000 0.333333 0.000000
0.055957 0.333333 0.222463
0.056347 0.500000 0.221703
0.138393 0.415580 0.222373
0.138393 0.584420 0.222373
0.110320 0.333333 0.111630
0.110710 0.500000 0.110870
0.028273 0.582247 0.110960
0.028273 0.417753 0.110960
0.083333 0.583333 0.000000
0.083333 0.416667 0.000000
0.166667 0.333333 0.000000
0.166667 0.500000 0.000000
0.000000 0.500000 0.166667
0.166667 0.333333 0.166667
0.000000 0.333333 0.166667
0.166667 0.500000 0.166667
0.222287 0.500000 0.055590
0.222357 0.333333 0.055227
0.305447 0.583307 0.055467
0.305447 0.416693 0.055467
0.277643 0.500000 0.278107
0.277713 0.333333 0.277743
0.194553 0.416640 0.277867
0.194553 0.583360 0.277867
0.250000 0.416667 0.166667
0.250000 0.583333 0.166667
0.055620 0.333333 0.055590
0.055690 0.500000 0.055227
0.138783 0.416640 0.055467
0.138783 0.583360 0.055467
0.110977 0.333333 0.278107
0.111047 0.500000 0.277743
0.027883 0.583307 0.277867
0.027883 0.416693 0.277867
0.083333 0.583333 0.166667
0.083333 0.416667 0.166667
0.225773 0.500000 0.303203
0.219487 0.333333 0.301100
0.304323 0.578440 0.303063
0.304323 0.421563 0.303063
0.219720 0.500000 0.140813
0.219867 0.333333 0.141697
0.307390 0.579623 0.140340
0.307390 0.420377 0.140340
0.280133 0.500000 0.191637
0.280280 0.333333 0.192520
0.192610 0.412957 0.192993
0.192610 0.587043 0.192993
0.280513 0.500000 0.032233
0.274227 0.333333 0.030130
0.195677 0.411770 0.030270
0.195677 0.588227 0.030270
0.248743 0.411050 0.080380
0.248743 0.588950 0.080380
0.170683 0.333333 0.080033
0.330543 0.333333 0.079010
0.251257 0.422283 0.252953
0.251257 0.577717 0.252953
0.329317 0.500000 0.253303
0.169457 0.500000 0.254323
0.059107 0.333333 0.303203
0.052820 0.500000 0.301100
0.137657 0.411770 0.303063
0.137657 0.588227 0.303063
0.053053 0.333333 0.140813
0.053200 0.500000 0.141697
0.140723 0.412957 0.140340
0.140723 0.587043 0.140340
0.113467 0.333333 0.191637
0.113613 0.500000 0.192520
0.025943 0.579623 0.192993
0.025943 0.420377 0.192993
0.113847 0.333333 0.032233
0.107560 0.500000 0.030130
0.029010 0.578440 0.030270
0.029010 0.421563 0.030270
0.082077 0.577717 0.080380
0.082077 0.422283 0.080380
0.004017 0.500000 0.080033
0.163877 0.500000 0.079010
0.084590 0.588950 0.252953
0.084590 0.411050 0.252953
0.162650 0.333333 0.253303
0.002790 0.333333 0.254323
0.222623 0.500000 0.555797
0.223013 0.333333 0.555037
0.305060 0.582247 0.555707
0.305060 0.417753 0.555707
0.276987 0.500000 0.444963
0.277377 0.333333 0.444203
0.194940 0.415580 0.444293
0.194940 0.584420 0.444293
0.250000 0.416667 0.333333
0.250000 0.583333 0.333333
0.000000 0.500000 0.333333
0.000000 0.333333 0.333333
0.055957 0.333333 0.555797
0.056347 0.500000 0.555037
0.138393 0.415580 0.555707
0.138393 0.584420 0.555707
0.110320 0.333333 0.444963
0.110710 0.500000 0.444203
0.028273 0.582247 0.444293
0.028273 0.417753 0.444293
0.083333 0.583333 0.333333
0.083333 0.416667 0.333333
0.166667 0.333333 0.333333
0.166667 0.500000 0.333333
0.000000 0.500000 0.500000
0.166667 0.333333 0.500000
0.000000 0.333333 0.500000
0.166667 0.500000 0.500000
0.222287 0.500000 0.388923
0.222357 0.333333 0.388560
0.305447 0.583307 0.388800
0.305447 0.416693 0.388800
0.277643 0.500000 0.611440
0.277713 0.333333 0.611077
0.194553 0.416640 0.611200
0.194553 0.583360 0.611200
0.250000 0.416667 0.500000
0.250000 0.583333 0.500000
0.055620 0.333333 0.388923
0.055690 0.500000 0.388560
0.138783 0.416640 0.388800
0.138783 0.583360 0.388800
0.110977 0.333333 0.611440
0.111047 0.500000 0.611077
0.027883 0.583307 0.611200
0.027883 0.416693 0.611200
0.083333 0.583333 0.500000
0.083333 0.416667 0.500000
0.225773 0.500000 0.636537
0.219487 0.333333 0.634433
0.304323 0.578440 0.636397
0.304323 0.421563 0.636397
0.219720 0.500000 0.474147
0.219867 0.333333 0.475030
0.307390 0.579623 0.473673
0.307390 0.420377 0.473673
0.280133 0.500000 0.524970
0.280280 0.333333 0.525853
0.192610 0.412957 0.526327
0.192610 0.587043 0.526327
0.280513 0.500000 0.365567
0.274227 0.333333 0.363463
0.195677 0.411770 0.363603
0.195677 0.588227 0.363603
0.248743 0.411050 0.413713
0.248743 0.588950 0.413713
0.170683 0.333333 0.413367
0.330543 0.333333 0.412343
0.251257 0.422283 0.586287
0.251257 0.577717 0.586287
0.329317 0.500000 0.586637
0.169457 0.500000 0.587657
0.059107 0.333333 0.636537
0.052820 0.500000 0.634433
0.137657 0.411770 0.636397
0.137657 0.588227 0.636397
0.053053 0.333333 0.474147
0.053200 0.500000 0.475030
0.140723 0.412957 0.473673
0.140723 0.587043 0.473673
0.113467 0.333333 0.524970
0.113613 0.500000 0.525853
0.025943 0.579623 0.526327
0.025943 0.420377 0.526327
0.113847 0.333333 0.365567
0.107560 0.500000 0.363463
0.029010 0.578440 0.363603
0.029010 0.421563 0.363603
0.082077 0.577717 0.413713
0.082077 0.422283 0.413713
0.004017 0.500000 0.413367
0.163877 0.500000 0.412343
0.084590 0.588950 0.586287
0.084590 0.411050 0.586287
0.162650 0.333333 0.586637
0.002790 0.333333 0.587657
0.222623 0.500000 0.889130
0.223013 0.333333 0.888370
0.305060 0.582247 0.889040
0.305060 0.417753 0.889040
0.276987 0.500000 0.778297
0.277377 0.333333 0.777537
0.194940 0.415580 0.777627
0.194940 0.584420 0.777627
0.250000 0.416667 0.666667
0.250000 0.583333 0.666667
0.000000 0.500000 0.666667
0.000000 0.333333 0.666667
0.055957 0.333333 0.889130
0.056347 0.500000 0.888370
0.138393 0.415580 0.889040
0.138393 0.584420 0.889040
0.110320 0.333333 0.778297
0.110710 0.500000 0.777537
0.028273 0.582247 0.777627
0.028273 0.417753 0.777627
0.083333 0.583333 0.666667
0.083333 0.416667 0.666667
0.166667 0.333333 0.666667
0.166667 0.500000 0.666667
0.000000 0.500000 0.833333
0.166667 0.333333 0.833333
0.000000 0.333333 0.833333
0.166667 0.500000 0.833333
0.222287 0.500000 0.722257
0.222357 0.333333 0.721893
0.305447 0.583307 0.722133
0.305447 0.416693 0.722133
0.277643 0.500000 0.944773
0.277713 0.333333 0.944410
0.194553 0.416640 0.944533
0.194553 0.583360 0.944533
0.250000 0.416667 0.833333
0.250000 0.583333 0.833333
0.055620 0.333333 0.722257
0.055690 0.500000 0.721893
0.138783 0.416640 0.722133
0.138783 0.583360 0.722133
0.110977 0.333333 0.944773
0.111047 0.500000 0.944410
0.027883 0.583307 0.944533
0.027883 0.416693 0.944533
0.083333 0.583333 0.833333
0.083333 0.416667 0.833333
0.225773 0.500000 0.969870
0.219487 0.333333 0.967767
0.304323 0.578440 0.969730
0.304323 0.421563 0.969730
0.219720 0.500000 0.807480
0.219867 0.333333 0.808363
0.307390 0.579623 0.807007
0.307390 0.420377 0.807007
0.280133 0.500000 0.858303
0.280280 0.333333 0.859187
0.192610 0.412957 0.859660
0.192610 0.587043 0.859660
0.280513 0.500000 0.698900
0.274227 0.333333 0.696797
0.195677 0.411770 0.696937
0.195677 0.588227 0.696937
0.248743 0.411050 0.747047
0.248743 0.588950 0.747047
0.170683 0.333333 0.746700
0.330543 0.333333 0.745677
0.251257 0.422283 0.919620
0.251257 0.577717 0.919620
0.329317 0.500000 0.919970
0.169457 0.500000 0.920990
0.059107 0.333333 0.969870
0.052820 0.500000 0.967767
0.137657 0.411770 0.969730
0.137657 0.588227 0.969730
0.053053 0.333333 0.807480
0.053200 0.500000 0.808363
0.140723 0.412957 0.807007
0.140723 0.587043 0.807007
0.113467 0.333333 0.858303
0.113613 0.500000 0.859187
0.025943 0.579623 0.859660
0.025943 0.420377 0.859660
0.113847 0.333333 0.698900
0.107560 0.500000 0.696797
0.029010 0.578440 0.696937
0.029010 0.421563 0.696937
0.082077 0.577717 0.747047
0.082077 0.422283 0.747047
0.004017 0.500000 0.746700
0.163877 0.500000 0.745677
0.084590 0.588950 0.919620
0.084590 0.411050 0.919620
0.162650 0.333333 0.919970
0.002790 0.333333 0.920990
0.222623 0.833333 0.222463
0.223013 0.666667 0.221703
0.305060 0.915580 0.222373
0.305060 0.751087 0.222373
0.276987 0.833333 0.111630
0.277377 0.666667 0.110870
0.194940 0.748913 0.110960
0.194940 0.917753 0.110960
0.250000 0.750000 0.000000
0.250000 0.916667 0.000000
0.000000 0.833333 0.000000
0.000000 0.666667 0.000000
0.055957 0.666667 0.222463
0.056347 0.833333 0.221703
0.138393 0.748913 0.222373
0.138393 0.917753 0.222373
0.110320 0.666667 0.111630
0.110710 0.833333 0.110870
0.028273 0.915580 0.110960
0.028273 0.751087 0.110960
0.083333 0.916667 0.000000
0.083333 0.750000 0.000000
0.166667 0.666667 0.000000
0.166667 0.833333 0.000000
0.000000 0.833333 0.166667
0.166667 0.666667 0.166667
0.000000 0.666667 0.166667
0.166667 0.833333 0.166667
0.222287 0.833333 0.055590
0.222357 0.666667 0.055227
0.305447 0.916640 0.055467
0.305447 0.750027 0.055467
0.277643 0.833333 0.278107
0.277713 0.666667 0.277743
0.194553 0.749973 0.277867
0.194553 0.916693 0.277867
0.250000 0.750000 0.166667
0.250000 0.916667 0.166667
0.055620 0.666667 0.055590
0.055690 0.833333 0.055227
0.138783 0.749973 0.055467
0.138783 0.916693 0.055467
0.110977 0.666667 0.278107
0.111047 0.833333 0.277743
0.027883 0.916640 0.277867
0.027883 0.750027 0.277867
0.083333 0.916667 0.166667
0.083333 0.750000 0.166667
0.225773 0.833333 0.303203
0.219487 0.666667 0.301100
0.304323 0.911773 0.303063
0.304323 0.754897 0.303063
0.219720 0.833333 0.140813
0.219867 0.666667 0.141697
0.307390 0.912957 0.140340
0.307390 0.753710 0.140340
0.280133 0.833333 0.191637
0.280280 0.666667 0.192520
0.192610 0.746290 0.192993
0.192610 0.920377 0.192993
0.280513 0.833333 0.032233
0.274227 0.666667 0.030130
0.195677 0.745103 0.030270
0.195677 0.921560 0.030270
0.248743 0.744383 0.080380
0.248743 0.922283 0.080380
0.170683 0.666667 0.080033
0.330543 0.666667 0.079010
0.251257 0.755617 0.252953
0.251257 0.911050 0.252953
0.329317 0.833333 0.253303
0.169457 0.833333 0.254323
0.059107 0.666667 0.303203
0.052820 0.833333 0.301100
0.137657 0.745103 0.303063
0.137657 0.921560 0.303063
0.053053 0.666667 0.140813
0.053200 0.833333 0.141697
0.140723 0.746290 0.140340
0.140723 0.920377 0.140340
0.113467 0.666667 0.191637
0.113613 0.833333 0.192520
0.025943 0.912957 0.192993
0.025943 0.753710 0.192993
0.113847 0.666667 0.032233
0.107560 0.833333 0.030130
0.029010 0.911773 0.030270
0.029010 0.754897 0.030270
0.082077 0.911050 0.080380
0.082077 0.755617 0.080380
0.004017 0.833333 0.080033
0.163877 0.833333 0.079010
0.084590 0.922283 0.252953
0.084590 0.744383 0.252953
0.162650 0.666667 0.253303
0.002790 0.666667 0.254323
0.222623 0.833333 0.555797
0.223013 0.666667 0.555037
0.305060 0.915580 0.555707
0.305060 0.751087 0.555707
0.276987 0.833333 0.444963
0.277377 0.666667 0.444203
0.194940 0.748913 0.444293
0.194940 0.917753 0.444293
0.250000 0.750000 0.333333
0.250000 0.916667 0.333333
0.000000 0.833333 0.333333
0.000000 0.666667 0.333333
0.055957 0.666667 0.555797
0.056347 0.833333 0.555037
0.138393 0.748913 0.555707
0.138393 0.917753 0.555707
0.110320 0.666667 0.444963
0.110710 0.833333 0.444203
0.028273 0.915580 0.444293
0.028273 0.751087 0.444293
0.083333 0.916667 0.333333
0.083333 0.750000 0.333333
0.166667 0.666667 0.333333
0.166667 0.833333 0.333333
0.000000 0.833333 0.500000
0.166667 0.666667 0.500000
0.000000 0.666667 0.500000
0.166667 0.833333 0.500000
0.222287 0.833333 0.388923
0.222357 0.666667 0.388560
0.305447 0.916640 0.388800
0.305447 0.750027 0.388800
0.277643 0.833333 0.611440
0.277713 0.666667 0.611077
0.194553 0.749973 0.611200
0.194553 0.916693 0.611200
0.250000 0.750000 0.500000
0.250000 0.916667 0.500000
0.055620 0.666667 0.388923
0.055690 0.833333 0.388560
0.138783 0.749973 0.388800
0.138783 0.916693 0.388800
0.110977 0.666667 0.611440
0.111047 0.833333 0.611077
0.027883 0.916640 0.611200
0.027883 0.750027 0.611200
0.083333 0.916667 0.500000
0.083333 0.750000 0.500000
0.225773 0.833333 0.636537
0.219487 0.666667 0.634433
0.304323 0.911773 0.636397
0.304323 0.754897 0.636397
0.219720 0.833333 0.474147
0.219867 0.666667 0.475030
0.307390 0.912957 0.473673
0.307390 0.753710 0.473673
0.280133 0.833333 0.524970
0.280280 0.666667 0.525853
0.192610 0.746290 0.526327
0.192610 0.920377 0.526327
0.280513 0.833333 0.365567
0.274227 0.666667 0.363463
0.195677 0.745103 0.363603
0.195677 0.921560 0.363603
0.248743 0.744383 0.413713
0.248743 0.922283 0.413713
0.170683 0.666667 0.413367
0.330543 0.666667 0.412343
0.251257 0.755617 0.586287
0.251257 0.911050 0.586287
0.329317 0.833333 0.586637
0.169457 0.833333 0.587657
0.059107 0.666667 0.636537
0.052820 0.833333 0.634433
0.137657 0.745103 0.636397
0.137657 0.921560 0.636397
0.053053 0.666667 0.474147
0.053200 0.833333 0.475030
0.140723 0.746290 0.473673
0.140723 0.920377 0.473673
0.113467 0.666667 0.524970
0.113613 0.833333 0.525853
0.025943 0.912957 0.526327
0.025943 0.753710 0.526327
0.113847 0.666667 0.365567
0.107560 0.833333 0.363463
0.029010 0.911773 0.363603
0.029010 0.754897 0.363603
0.082077 0.911050 0.413713
0.082077 0.755617 0.413713
0.004017 0.833333 0.413367
0.163877 0.833333 0.412343
0.084590 0.922283 0.586287
0.084590 0.744383 0.586287
0.162650 0.666667 0.586637
0.002790 0.666667 0.587657
0.222623 0.833333 0.889130
0.223013 0.666667 0.888370
0.305060 0.915580 0.889040
0.305060 0.751087 0.889040
0.276987 0.833333 0.778297
0.277377 0.666667 0.777537
0.194940 0.748913 0.777627
0.194940 0.917753 0.777627
0.250000 0.750000 0.666667
0.250000 0.916667 0.666667
0.000000 0.833333 0.666667
0.000000 0.666667 0.666667
0.055957 0.666667 0.889130
0.056347 0.833333 0.888370
0.138393 0.748913 0.889040
0.138393 0.917753 0.889040
0.110320 0.666667 0.778297
0.110710 0.833333 0.777537
0.028273 0.915580 0.777627
0.028273 0.751087 0.777627
0.083333 0.916667 0.666667
0.083333 0.750000 0.666667
0.166667 0.666667 0.666667
0.166667 0.833333 0.666667
0.000000 0.833333 0.833333
0.166667 0.666667 0.833333
0.000000 0.666667 0.833333
0.166667 0.833333 0.833333
0.222287 0.833333 0.722257
0.222357 0.666667 0.721893
0.305447 0.916640 0.722133
0.305447 0.750027 0.722133
0.277643 0.833333 0.944773
0.277713 0.666667 0.944410
0.194553 0.749973 0.944533
0.194553 0.916693 0.944533
0.250000 0.750000 0.833333
0.250000 0.916667 0.833333
0.055620 0.666667 0.722257
0.055690 0.833333 0.721893
0.138783 0.749973 0.722133
0.138783 0.916693 0.722133
0.110977 0.666667 0.944773
0.111047 0.833333 0.944410
0.027883 0.916640 0.944533
0.027883 0.750027 0.944533
0.083333 0.916667 0.833333
0.083333 0.750000 0.833333
0.225773 0.833333 0.969870
0.219487 0.666667 0.967767
0.304323 0.911773 0.969730
0.304323 0.754897 0.969730
0.219720 0.833333 0.807480
0.219867 0.666667 0.808363
0.307390 0.912957 0.807007
0.307390 0.753710 0.807007
0.280133 0.833333 0.858303
0.280280 0.666667 0.859187
0.192610 0.746290 0.859660
0.192610 0.920377 0.859660
0.280513 0.833333 0.698900
0.274227 0.666667 0.696797
0.195677 0.745103 0.696937
0.195677 0.921560 0.696937
0.248743 0.744383 0.747047
0.248743 0.922283 0.747047
0.170683 0.666667 0.746700
0.330543 0.666667 0.745677
0.251257 0.755617 0.919620
0.251257 0.911050 0.919620
0.329317 0.833333 0.919970
0.169457 0.833333 0.920990
0.059107 0.666667 0.969870
0.052820 0.833333 0.967767
0.137657 0.745103 0.969730
0.137657 0.921560 0.969730
0.053053 0.666667 0.807480
0.053200 0.833333 0.808363
0.140723 0.746290 0.807007
0.140723 0.920377 0.807007
0.113467 0.666667 0.858303
0.113613 0.833333 0.859187
0.025943 0.912957 0.859660
0.025943 0.753710 0.859660
0.113847 0.666667 0.698900
0.107560 0.833333 0.696797
0.029010 0.911773 0.696937
0.029010 0.754897 0.696937
0.082077 0.911050 0.747047
0.082077 0.755617 0.747047
0.004017 0.833333 0.746700
0.163877 0.833333 0.745677
0.084590 0.922283 0.919620
0.084590 0.744383 0.919620
0.162650 0.666667 0.919970
0.002790 0.666667 0.920990
0.555957 0.166667 0.222463
0.556347 0.000000 0.221703
0.638393 0.248913 0.222373
0.638393 0.084420 0.222373
0.610320 0.166667 0.111630
0.610710 0.000000 0.110870
0.528273 0.082247 0.110960
0.528273 0.251087 0.110960
0.583333 0.083333 0.000000
0.583333 0.250000 0.000000
0.333333 0.166667 0.000000
0.333333 0.000000 0.000000
0.389290 0.000000 0.222463
0.389680 0.166667 0.221703
0.471727 0.082247 0.222373
0.471727 0.251087 0.222373
0.443653 0.000000 0.111630
0.444043 0.166667 0.110870
0.361607 0.248913 0.110960
0.361607 0.084420 0.110960
0.416667 0.250000 0.000000
0.416667 0.083333 0.000000
0.500000 0.000000 0.000000
0.500000 0.166667 0.000000
0.333333 0.166667 0.166667
0.500000 0.000000 0.166667
0.333333 0.000000 0.166667
0.500000 0.166667 0.166667
0.555620 0.166667 0.055590
0.555690 0.000000 0.055227
0.638780 0.249973 0.055467
0.638780 0.083360 0.055467
0.610977 0.166667 0.278107
0.611047 0.000000 0.277743
0.527887 0.083307 0.277867
0.527887 0.250027 0.277867
0.583333 0.083333 0.166667
0.583333 0.250000 0.166667
0.388953 0.000000 0.055590
0.389023 0.166667 0.055227
0.472117 0.083307 0.055467
0.472117 0.250027 0.055467
0.444310 0.000000 0.278107
0.444380 0.166667 0.277743
0.361217 0.249973 0.277867
0.361217 0.083360 0.277867
0.416667 0.250000 0.166667
0.416667 0.083333 0.166667
0.559107 0.166667 0.303203
0.552820 0.000000 0.301100
0.637657 0.245107 0.303063
0.637657 0.088230 0.303063
0.553053 0.166667 0.140813
0.553200 0.000000 0.141697
0.640723 0.246290 0.140340
0.640723 0.087043 0.140340
0.613467 0.166667 0.191637
0.613613 0.000000 0.192520
0.525943 0.079623 0.192993
0.525943 0.253710 0.192993
0.613847 0.166667 0.032233
0.607560 0.000000 0.030130
0.529010 0.078437 0.030270
0.529010 0.254893 0.030270
0.582077 0.077717 0.080380
0.582077 0.255617 0.080380
0.504017 0.000000 0.080033
0.663877 0.000000 0.079010
0.584590 0.088950 0.252953
0.584590 0.244383 0.252953
0.662650 0.166667 0.253303
0.502790 0.166667 0.254323
0.392440 0.000000 0.303203
0.386153 0.166667 0.301100
0.470990 0.078437 0.303063
0.470990 0.254893 0.303063
0.386387 0.000000 0.140813
0.386533 0.166667 0.141697
0.474057 0.079623 0.140340
0.474057 0.253710 0.140340
0.446800 0.000000 0.191637
0.446947 0.166667 0.192520
0.359277 0.246290 0.192993
0.359277 0.087043 0.192993
0.447180 0.000000 0.032233
0.440893 0.166667 0.030130
0.362343 0.245107 0.030270
0.362343 0.088230 0.030270
0.415410 0.244383 0.080380
0.415410 0.088950 0.080380
0.337350 0.166667 0.080033
0.497210 0.166667 0.079010
0.417923 0.255617 0.252953
0.417923 0.077717 0.252953
0.495983 0.000000 0.253303
0.336123 0.000000 0.254323
0.555957 0.166667 0.555797
0.556347 0.000000 0.555037
0.638393 0.248913 0.555707
0.638393 0.084420 0.555707
0.610320 0.166667 0.444963
0.610710 0.000000 0.444203
0.528273 0.082247 0.444293
0.528273 0.251087 0.444293
0.583333 0.083333 0.333333
0.583333 0.250000 0.333333
0.333333 0.166667 0.333333
0.333333 0.000000 0.333333
0.389290 0.000000 0.555797
0.389680 0.166667 0.555037
0.471727 0.082247 0.555707
0.471727 0.251087 0.555707
0.443653 0.000000 0.444963
0.444043 0.166667 0.444203
0.361607 0.248913 0.444293
0.361607 0.084420 0.444293
0.416667 0.250000 0.333333
0.416667 0.083333 0.333333
0.500000 0.000000 0.333333
0.500000 0.166667 0.333333
0.333333 0.166667 0.500000
0.500000 0.000000 0.500000
0.333333 0.000000 0.500000
0.500000 0.166667 0.500000
0.555620 0.166667 0.388923
0.555690 0.000000 0.388560
0.638780 0.249973 0.388800
0.638780 0.083360 0.388800
0.610977 0.166667 0.611440
0.611047 0.000000 0.611077
0.527887 0.083307 0.611200
0.527887 0.250027 0.611200
0.583333 0.083333 0.500000
0.583333 0.250000 0.500000
0.388953 0.000000 0.388923
0.389023 0.166667 0.388560
0.472117 0.083307 0.388800
0.472117 0.250027 0.388800
0.444310 0.000000 0.611440
0.444380 0.166667 0.611077
0.361217 0.249973 0.611200
0.361217 0.083360 0.611200
0.416667 0.250000 0.500000
0.416667 0.083333 0.500000
0.559107 0.166667 0.636537
0.552820 0.000000 0.634433
0.637657 0.245107 0.636397
0.637657 0.088230 0.636397
0.553053 0.166667 0.474147
0.553200 0.000000 0.475030
0.640723 0.246290 0.473673
0.640723 0.087043 0.473673
0.613467 0.166667 0.524970
0.613613 0.000000 0.525853
0.525943 0.079623 0.526327
0.525943 0.253710 0.526327
0.613847 0.166667 0.365567
0.607560 0.000000 0.363463
0.529010 0.078437 0.363603
0.529010 0.254893 0.363603
0.582077 0.077717 0.413713
0.582077 0.255617 0.413713
0.504017 0.000000 0.413367
0.663877 0.000000 0.412343
0.584590 0.088950 0.586287
0.584590 0.244383 0.586287
0.662650 0.166667 0.586637
0.502790 0.166667 0.587657
0.392440 0.000000 0.636537
0.386153 0.166667 0.634433
0.470990 0.078437 0.636397
0.470990 0.254893 0.636397
0.386387 0.000000 0.474147
0.386533 0.166667 0.475030
0.474057 0.079623 0.473673
0.474057 0.253710 0.473673
0.446800 0.000000 0.524970
0.446947 0.166667 0.525853
0.359277 0.246290 0.526327
0.359277 0.087043 0.526327
0.447180 0.000000 0.365567
0.440893 0.166667 0.363463
0.362343 0.245107 0.363603
0.362343 0.088230 0.363603
0.415410 0.244383 0.413713
0.415410 0.088950 0.413713
0.337350 0.166667 0.413367
0.497210 0.166667 0.412343
0.417923 0.255617 0.586287
0.417923 0.077717 0.586287
0.495983 0.000000 0.586637
0.336123 0.000000 0.587657
0.555957 0.166667 0.889130
0.556347 0.000000 0.888370
0.638393 0.248913 0.889040
0.638393 0.084420 0.889040
0.610320 0.166667 0.778297
0.610710 0.000000 0.777537
0.528273 0.082247 0.777627
0.528273 0.251087 0.777627
0.583333 0.083333 0.666667
0.583333 0.250000 0.666667
0.333333 0.166667 0.666667
0.333333 0.000000 0.666667
0.389290 0.000000 0.889130
0.389680 0.166667 0.888370
0.471727 0.082247 0.889040
0.471727 0.251087 0.889040
0.443653 0.000000 0.778297
0.444043 0.166667 0.777537
0.361607 0.248913 0.777627
0.361607 0.084420 0.777627
0.416667 0.250000 0.666667
0.416667 0.083333 0.666667
0.500000 0.000000 0.666667
0.500000 0.166667 0.666667
0.333333 0.166667 0.833333
0.500000 0.000000 0.833333
0.333333 0.000000 0.833333
0.500000 0.166667 0.833333
0.555620 0.166667 0.722257
0.555690 0.000000 0.721893
0.638780 0.249973 0.722133
0.638780 0.083360 0.722133
0.610977 0.166667 0.944773
0.611047 0.000000 0.944410
0.527887 0.083307 0.944533
0.527887 0.250027 0.944533
0.583333 0.083333 0.833333
0.583333 0.250000 0.833333
0.388953 0.000000 0.722257
0.389023 0.166667 0.721893
0.472117 0.083307 0.722133
0.472117 0.250027 0.722133
0.444310 0.000000 0.944773
0.444380 0.166667 0.944410
0.361217 0.249973 0.944533
0.361217 0.083360 0.944533
0.416667 0.250000 0.833333
0.416667 0.083333 0.833333
0.559107 0.166667 0.969870
0.552820 0.000000 0.967767
0.637657 0.245107 0.969730
0.637657 0.088230 0.969730
0.553053 0.166667 0.807480
0.553200 0.000000 0.808363
0.640723 0.246290 0.807007
0.640723 0.087043 0.807007
0.613467 0.166667 0.858303
0.613613 0.000000 0.859187
0.525943 0.079623 0.859660
0.525943 0.253710 0.859660
0.613847 0.166667 0.698900
0.607560 0.000000 0.696797
0.529010 0.078437 0.696937
0.529010 0.254893 0.696937
0.582077 0.077717 0.747047
0.582077 0.255617 0.747047
0.504017 0.000000 0.746700
0.663877 0.000000 0.745677
0.584590 0.088950 0.919620
0.584590 0.244383 0.919620
0.662650 0.166667 0.919970
0.502790 0.166667 0.920990
0.392440 0.000000 0.969870
0.386153 0.166667 0.967767
0.470990 0.078437 0.969730
0.470990 0.254893 0.969730
0.386387 0.000000 0.807480
0.386533 0.166667 0.808363
0.474057 0.079623 0.807007
0.474057 0.253710 0.807007
0.446800 0.000000 0.858303
0.446947 0.166667 0.859187
0.359277 0.246290 0.859660
0.359277 0.087043 0.859660
0.447180 0.000000 0.698900
0.440893 0.166667 0.696797
0.362343 0.245107 0.696937
0.362343 0.088230 0.696937
0.415410 0.244383 0.747047
0.415410 0.088950 0.747047
0.337350 0.166667 0.746700
0.497210 0.166667 0.745677
0.417923 0.255617 0.919620
0.417923 0.077717 0.919620
0.495983 0.000000 0.919970
0.336123 0.000000 0.920990
0.555957 0.500000 0.222463
0.556347 0.333333 0.221703
0.638393 0.582247 0.222373
0.638393 0.417753 0.222373
0.610320 0.500000 0.111630
0.610710 0.333333 0.110870
0.528273 0.415580 0.110960
0.528273 0.584420 0.110960
0.583333 0.416667 0.000000
0.583333 0.583333 0.000000
0.333333 0.500000 0.000000
0.333333 0.333333 0.000000
0.389290 0.333333 0.222463
0.389680 0.500000 0.221703
0.471727 0.415580 0.222373
0.471727 0.584420 0.222373
0.443653 0.333333 0.111630
0.444043 0.500000 0.110870
0.361607 0.582247 0.110960
0.361607 0.417753 0.110960
0.416667 0.583333 0.000000
0.416667 0.416667 0.000000
0.500000 0.333333 0.000000
0.500000 0.500000 0.000000
0.333333 0.500000 0.166667
0.500000 0.333333 0.166667
0.333333 0.333333 0.166667
0.500000 0.500000 0.166667
0.555620 0.500000 0.055590
0.555690 0.333333 0.055227
0.638780 0.583307 0.055467
0.638780 0.416693 0.055467
0.610977 0.500000 0.278107
0.611047 0.333333 0.277743
0.527887 0.416640 0.277867
0.527887 0.583360 0.277867
0.583333 0.416667 0.166667
0.583333 0.583333 0.166667
0.388953 0.333333 0.055590
0.389023 0.500000 0.055227
0.472117 0.416640 0.055467
0.472117 0.583360 0.055467
0.444310 0.333333 0.278107
0.444380 0.500000 0.277743
0.361217 0.583307 0.277867
0.361217 0.416693 0.277867
0.416667 0.583333 0.166667
0.416667 0.416667 0.166667
0.559107 0.500000 0.303203
0.552820 0.333333 0.301100
0.637657 0.578440 0.303063
0.637657 0.421563 0.303063
0.553053 0.500000 0.140813
0.553200 0.333333 0.141697
0.640723 0.579623 0.140340
0.640723 0.420377 0.140340
0.613467 0.500000 0.191637
0.613613 0.333333 0.192520
0.525943 0.412957 0.192993
0.525943 0.587043 0.192993
0.613847 0.500000 0.032233
0.607560 0.333333 0.030130
0.529010 0.411770 0.030270
0.529010 0.588227 0.030270
0.582077 0.411050 0.080380
0.582077 0.588950 0.080380
0.504017 0.333333 0.080033
0.663877 0.333333 0.079010
0.584590 0.422283 0.252953
0.584590 0.577717 0.252953
0.662650 0.500000 0.253303
0.502790 0.500000 0.254323
0.392440 0.333333 0.303203
0.386153 0.500000 0.301100
0.470990 0.411770 0.303063
0.470990 0.588227 0.303063
0.386387 0.333333 0.140813
0.386533 0.500000 0.141697
0.474057 0.412957 0.140340
0.474057 0.587043 0.140340
0.446800 0.333333 0.191637
0.446947 0.500000 0.192520
0.359277 0.579623 0.192993
0.359277 0.420377 0.192993
0.447180 0.333333 0.032233
0.440893 0.500000 0.030130
0.362343 0.578440 0.030270
0.362343 0.421563 0.030270
0.415410 0.577717 0.080380
0.415410 0.422283 0.080380
0.337350 0.500000 0.080033
0.497210 0.500000 0.079010
0.417923 0.588950 0.252953
0.417923 0.411050 0.252953
0.495983 0.333333 0.253303
0.336123 0.333333 0.254323
0.555957 0.500000 0.555797
0.556347 0.333333 0.555037
0.638393 0.582247 0.555707
0.638393 0.417753 0.555707
0.610320 0.500000 0.444963
0.610710 0.333333 0.444203
0.528273 0.415580 0.444293
0.528273 0.584420 0.444293
0.583333 0.416667 0.333333
0.583333 0.583333 0.333333
0.333333 0.500000 0.333333
0.333333 0.333333 0.333333
0.389290 0.333333 0.555797
0.389680 0.500000 0.555037
0.471727 0.415580 0.555707
0.471727 0.584420 0.555707
0.443653 0.333333 0.444963
0.444043 0.500000 0.444203
0.361607 0.582247 0.444293
0.361607 0.417753 0.444293
0.416667 0.583333 0.333333
0.416667 0.416667 0.333333
0.500000 0.333333 0.333333
0.500000 0.500000 0.333333
0.333333 0.500000 0.500000
0.500000 0.333333 0.500000
0.333333 0.333333 0.500000
0.500000 0.500000 0.500000
0.555620 0.500000 0.388923
0.555690 0.333333 0.388560
0.638780 0.583307 0.388800
0.638780 0.416693 0.388800
0.610977 0.500000 0.611440
0.611047 0.333333 0.611077
0.527887 0.416640 0.611200
0.527887 0.583360 0.611200
0.583333 0.416667 0.500000
0.583333 0.583333 0.500000
0.388953 0.333333 0.388923
0.389023 0.500000 0.388560
0.472117 0.416640 0.388800
0.472117 0.583360 0.388800
0.444310 0.333333 0.611440
0.444380 0.500000 0.611077
0.361217 0.583307 0.611200
0.361217 0.416693 0.611200
0.416667 0.583333 0.500000
0.416667 0.416667 0.500000
0.559107 0.500000 0.636537
0.552820 0.333333 0.634433
0.637657 0.578440 0.636397
0.637657 0.421563 0.636397
0.553053 0.500000 0.474147
0.553200 0.333333 0.475030
0.640723 0.579623 0.473673
0.640723 0.420377 0.473673
0.613467 0.500000 0.524970
0.613613 0.333333 0.525853
0.525943 0.412957 0.526327
0.525943 0.587043 0.526327
0.613847 0.500000 0.365567
0.607560 0.333333 0.363463
0.529010 0.411770 0.363603
0.529010 0.588227 0.363603
0.582077 0.411050 0.413713
0.582077 0.588950 0.413713
0.504017 0.333333 0.413367
0.663877 0.333333 0.412343
0.584590 0.422283 0.586287
0.584590 0.577717 0.586287
0.662650 0.500000 0.586637
0.502790 0.500000 0.587657
0.392440 0.333333 0.636537
0.386153 0.500000 0.634433
0.470990 0.411770 0.636397
0.470990 0.588227 0.636397
0.386387 0.333333 0.474147
0.386533 0.500000 0.475030
0.474057 0.412957 0.473673
0.474057 0.587043 0.473673
0.446800 0.333333 0.524970
0.446947 0.500000 0.525853
0.359277 0.579623 0.526327
0.359277 0.420377 0.526327
0.447180 0.333333 0.365567
0.440893 0.500000 0.363463
0.362343 0.578440 0.363603
0.362343 0.421563 0.363603
0.415410 0.577717 0.413713
0.415410 0.422283 0.413713
0.337350 0.500000 0.413367
0.497210 0.500000 0.412343
0.417923 0.588950 0.586287
0.417923 0.411050 0.586287
0.495983 0.333333 0.586637
0.336123 0.333333 0.587657
0.555957 0.500000 0.889130
0.556347 0.333333 0.888370
0.638393 0.582247 0.889040
0.638393 0.417753 0.889040
0.610320 0.500000 0.778297
0.610710 0.333333 0.777537
0.528273 0.415580 0.777627
0.528273 0.584420 0.777627
0.583333 0.416667 0.666667
0.583333 0.583333 0.666667
0.333333 0.500000 0.666667
0.333333 0.333333 0.666667
0.389290 0.333333 0.889130
0.389680 0.500000 0.888370
0.471727 0.415580 0.889040
0.471727 0.584420 0.889040
0.443653 0.333333 0.778297
0.444043 0.500000 0.777537
0.361607 0.582247 0.777627
0.361607 0.417753 0.777627
0.416667 0.583333 0.666667
0.416667 0.416667 0.666667
0.500000 0.333333 0.666667
0.500000 0.500000 0.666667
0.333333 0.500000 0.833333
0.500000 0.333333 0.833333
0.333333 0.333333 0.833333
0.500000 0.500000 0.833333
0.555620 0.500000 0.722257
0.555690 0.333333 0.721893
0.638780 0.583307 0.722133
0.638780 0.416693 0.722133
0.610977 0.500000 0.944773
0.611047 0.333333 0.944410
0.527887 0.416640 0.944533
0.527887 0.583360 0.944533
0.583333 0.416667 0.833333
0.583333 0.583333 0.833333
0.388953 0.333333 0.722257
0.389023 0.500000 0.721893
0.472117 0.416640 0.722133
0.472117 0.583360 0.722133
0.444310 0.333333 0.944773
0.444380 0.500000 0.944410
0.361217 0.583307 0.944533
0.361217 0.416693 0.944533
0.416667 0.583333 0.833333
0.416667 0.416667 0.833333
0.559107 0.500000 0.969870
0.552820 0.333333 0.967767
0.637657 0.578440 0.969730
0.637657 0.421563 0.969730
0.553053 0.500000 0.807480
0.553200 0.333333 0.808363
0.640723 0.579623 0.807007
0.640723 0.420377 0.807007
0.613467 0.500000 0.858303
0.613613 0.333333 0.859187
0.525943 0.412957 0.859660
0.525943 0.587043 0.859660
0.613847 0.500000 0.698900
0.607560 0.333333 0.696797
0.529010 0.411770 0.696937
0.529010 0.588227 0.696937
0.582077 0.411050 0.747047
0.582077 0.588950 0.747047
0.504017 0.333333 0.746700
0.663877 0.333333 0.745677
0.584590 0.422283 0.919620
0.584590 0.577717 0.919620
0.662650 0.500000 0.919970
0.502790 0.500000 0.920990
0.392440 0.333333 0.969870
0.386153 0.500000 0.967767
0.470990 0.411770 0.969730
0.470990 0.588227 0.969730
0.386387 0.333333 0.807480
0.386533 0.500000 0.808363
0.474057 0.412957 0.807007
0.474057 0.587043 0.807007
0.446800 0.333333 0.858303
0.446947 0.500000 0.859187
0.359277 0.579623 0.859660
0.359277 0.420377 0.859660
0.447180 0.333333 0.698900
0.440893 0.500000 0.696797
0.362343 0.578440 0.696937
0.362343 0.421563 0.696937
0.415410 0.577717 0.747047
0.415410 0.422283 0.747047
0.337350 0.500000 0.746700
0.497210 0.500000 0.745677
0.417923 0.588950 0.919620
0.417923 0.411050 0.919620
0.495983 0.333333 0.919970
0.336123 0.333333 0.920990
0.555957 0.833333 0.222463
0.556347 0.666667 0.221703
0.638393 0.915580 0.222373
0.638393 0.751087 0.222373
0.610320 0.833333 0.111630
0.610710 0.666667 0.110870
0.528273 0.748913 0.110960
0.528273 0.917753 0.110960
0.583333 0.750000 0.000000
0.583333 0.916667 0.000000
0.333333 0.833333 0.000000
0.333333 0.666667 0.000000
0.389290 0.666667 0.222463
0.389680 0.833333 0.221703
0.471727 0.748913 0.222373
0.471727 0.917753 0.222373
0.443653 0.666667 0.111630
0.444043 0.833333 0.110870
0.361607 0.915580 0.110960
0.361607 0.751087 0.110960
0.416667 0.916667 0.000000
0.416667 0.750000 0.000000
0.500000 0.666667 0.000000
0.500000 0.833333 0.000000
0.333333 0.833333 0.166667
0.500000 0.666667 0.166667
0.333333 0.666667 0.166667
0.500000 0.833333 0.166667
0.555620 0.833333 0.055590
0.555690 0.666667 0.055227
0.638780 0.916640 0.055467
0.638780 0.750027 0.055467
0.610977 0.833333 0.278107
0.611047 0.666667 0.277743
0.527887 0.749973 0.277867
0.527887 0.916693 0.277867
0.583333 0.750000 0.166667
0.583333 0.916667 0.166667
0.388953 0.666667 0.055590
0.389023 0.833333 0.055227
0.472117 0.749973 0.055467
0.472117 0.916693 0.055467
0.444310 0.666667 0.278107
0.444380 0.833333 0.277743
0.361217 0.916640 0.277867
0.361217 0.750027 0.277867
0.416667 0.916667 0.166667
0.416667 0.750000 0.166667
0.559107 0.833333 0.303203
0.552820 0.666667 0.301100
0.637657 0.911773 0.303063
0.637657 0.754897 0.303063
0.553053 0.833333 0.140813
0.553200 0.666667 0.141697
0.640723 0.912957 0.140340
0.640723 0.753710 0.140340
0.613467 0.833333 0.191637
0.613613 0.666667 0.192520
0.525943 0.746290 0.192993
0.525943 0.920377 0.192993
0.613847 0.833333 0.032233
0.607560 0.666667 0.030130
0.529010 0.745103 0.030270
0.529010 0.921560 0.030270
0.582077 0.744383 0.080380
0.582077 0.922283 0.080380
0.504017 0.666667 0.080033
0.663877 0.666667 0.079010
0.584590 0.755617 0.252953
0.584590 0.911050 0.252953
0.662650 0.833333 0.253303
0.502790 0.833333 0.254323
0.392440 0.666667 0.303203
0.386153 0.833333 0.301100
0.470990 0.745103 0.303063
0.470990 0.921560 0.303063
0.386387 0.666667 0.140813
0.386533 0.833333 0.141697
0.474057 0.746290 0.140340
0.474057 0.920377 0.140340
0.446800 0.666667 0.191637
0.446947 0.833333 0.192520
0.359277 0.912957 0.192993
0.359277 0.753710 0.192993
0.447180 0.666667 0.032233
0.440893 0.833333 0.030130
0.362343 0.911773 0.030270
0.362343 0.754897 0.030270
0.415410 0.911050 0.080380
0.415410 0.755617 0.080380
0.337350 0.833333 0.080033
0.497210 0.833333 0.079010
0.417923 0.922283 0.252953
0.417923 0.744383 0.252953
0.495983 0.666667 0.253303
0.336123 0.666667 0.254323
0.555957 0.833333 0.555797
0.556347 0.666667 0.555037
0.638393 0.915580 0.555707
0.638393 0.751087 0.555707
0.610320 0.833333 0.444963
0.610710 0.666667 0.444203
0.528273 0.748913 0.444293
0.528273 0.917753 0.444293
0.583333 0.750000 0.333333
0.583333 0.916667 0.333333
0.333333 0.833333 0.333333
0.333333 0.666667 0.333333
0.389290 0.666667 0.555797
0.389680 0.833333 0.555037
0.471727 0.748913 0.555707
0.471727 0.917753 0.555707
0.443653 0.666667 0.444963
0.444043 0.833333 0.444203
0.361607 0.915580 0.444293
0.361607 0.751087 0.444293
0.416667 0.916667 0.333333
0.416667 0.750000 0.333333
0.500000 0.666667 0.333333
0.500000 0.833333 0.333333
0.333333 0.833333 0.500000
0.500000 0.666667 0.500000
0.333333 0.666667 0.500000
0.500000 0.833333 0.500000
0.555620 0.833333 0.388923
0.555690 0.666667 0.388560
0.638780 0.916640 0.388800
0.638780 0.750027 0.388800
0.610977 0.833333 0.611440
0.611047 0.666667 0.611077
0.527887 0.749973 0.611200
0.527887 0.916693 0.611200
0.583333 0.750000 0.500000
0.583333 0.916667 0.500000
0.388953 0.666667 0.388923
0.389023 0.833333 0.388560
0.472117 0.749973 0.388800
0.472117 0.916693 0.388800
0.444310 0.666667 0.611440
0.444380 0.833333 0.611077
0.361217 0.916640 0.611200
0.361217 0.750027 0.611200
0.416667 0.916667 0.500000
0.416667 0.750000 0.500000
0.559107 0.833333 0.636537
0.552820 0.666667 0.634433
0.637657 0.911773 0.636397
0.637657 0.754897 0.636397
0.553053 0.833333 0.474147
0.553200 0.666667 0.475030
0.640723 0.912957 0.473673
0.640723 0.753710 0.473673
0.613467 0.833333 0.524970
0.613613 0.666667 0.525853
0.525943 0.746290 0.526327
0.525943 0.920377 0.526327
0.613847 0.833333 0.365567
0.607560 0.666667 0.363463
0.529010 0.745103 0.363603
0.529010 0.921560 0.363603
0.582077 0.744383 0.413713
0.582077 0.922283 0.413713
0.504017 0.666667 0.413367
0.663877 0.666667 0.412343
0.584590 0.755617 0.586287
0.584590 0.911050 0.586287
0.662650 0.833333 0.586637
0.502790 0.833333 0.587657
0.392440 0.666667 0.636537
0.386153 0.833333 0.634433
0.470990 0.745103 0.636397
0.470990 0.921560 0.636397
0.386387 0.666667 0.474147
0.386533 0.833333 0.475030
0.474057 0.746290 0.473673
0.474057 0.920377 0.473673
0.446800 0.666667 0.524970
0.446947 0.833333 0.525853
0.359277 0.912957 0.526327
0.359277 0.753710 0.526327
0.447180 0.666667 0.365567
0.440893 0.833333 0.363463
0.362343 0.911773 0.363603
0.362343 0.754897 0.363603
0.415410 0.911050 0.413713
0.415410 0.755617 0.413713
0.337350 0.833333 0.413367
0.497210 0.833333 0.412343
0.417923 0.922283 0.586287
0.417923 0.744383 0.586287
0.495983 0.666667 0.586637
0.336123 0.666667 0.587657
0.555957 0.833333 0.889130
0.556347 0.666667 0.888370
0.638393 0.915580 0.889040
0.638393 0.751087 0.889040
0.610320 0.833333 0.778297
0.610710 0.666667 0.777537
0.528273 0.748913 0.777627
0.528273 0.917753 0.777627
0.583333 0.750000 0.666667
0.583333 0.916667 0.666667
0.333333 0.833333 0.666667
0.333333 0.666667 0.666667
0.389290 0.666667 0.889130
0.389680 0.833333 0.888370
0.471727 0.748913 0.889040
0.471727 0.917753 0.889040
0.443653 0.666667 0.778297
0.444043 0.833333 0.777537
0.361607 0.915580 0.777627
0.361607 0.751087 0.777627
0.416667 0.916667 0.666667
0.416667 0.750000 0.666667
0.500000 0.666667 0.666667
0.500000 0.833333 0.666667
0.333333 0.833333 0.833333
0.500000 0.666667 0.833333
0.333333 0.666667 0.833333
0.500000 0.833333 0.833333
0.555620 0.833333 0.722257
0.555690 0.666667 0.721893
0.638780 0.916640 0.722133
0.638780 0.750027 0.722133
0.610977 0.833333 0.944773
0.611047 0.666667 0.944410
0.527887 0.749973 0.944533
0.527887 0.916693 0.944533
0.583333 0.750000 0.833333
0.583333 0.916667 0.833333
0.388953 0.666667 0.722257
0.389023 0.833333 0.721893
0.472117 0.749973 0.722133
0.472117 0.916693 0.722133
0.444310 0.666667 0.944773
0.444380 0.833333 0.944410
0.361217 0.916640 0.944533
0.361217 0.750027 0.944533
0.416667 0.916667 0.833333
0.416667 0.750000 0.833333
0.559107 0.833333 0.969870
0.552820 0.666667 0.967767
0.637657 0.911773 0.969730
0.637657 0.754897 0.969730
0.553053 0.833333 0.807480
0.553200 0.666667 0.808363
0.640723 0.912957 0.807007
0.640723 0.753710 0.807007
0.613467 0.833333 0.858303
0.613613 0.666667 0.859187
0.525943 0.746290 0.859660
0.525943 0.920377 0.859660
0.613847 0.833333 0.698900
0.607560 0.666667 0.696797
0.529010 0.745103 0.696937
0.529010 0.921560 0.696937
0.582077 0.744383 0.747047
0.582077 0.922283 0.747047
0.504017 0.666667 0.746700
0.663877 0.666667 0.745677
0.584590 0.755617 0.919620
0.584590 0.911050 0.919620
0.662650 0.833333 0.919970
0.502790 0.833333 0.920990
0.392440 0.666667 0.969870
0.386153 0.833333 0.967767
0.470990 0.745103 0.969730
0.470990 0.921560 0.969730
0.386387 0.666667 0.807480
0.386533 0.833333 0.808363
0.474057 0.746290 0.807007
0.474057 0.920377 0.807007
0.446800 0.666667 0.858303
0.446947 0.833333 0.859187
0.359277 0.912957 0.859660
0.359277 0.753710 0.859660
0.447180 0.666667 0.698900
0.440893 0.833333 0.696797
0.362343 0.911773 0.696937
0.362343 0.754897 0.696937
0.415410 0.911050 0.747047
0.415410 0.755617 0.747047
0.337350 0.833333 0.746700
0.497210 0.833333 0.745677
0.417923 0.922283 0.919620
0.417923 0.744383 0.919620
0.495983 0.666667 0.919970
0.336123 0.666667 0.920990
0.889290 0.166667 0.222463
0.889680 0.000000 0.221703
0.971727 0.248913 0.222373
0.971727 0.084420 0.222373
0.943653 0.166667 0.111630
0.944043 0.000000 0.110870
0.861607 0.082247 0.110960
0.861607 0.251087 0.110960
0.916667 0.083333 0.000000
0.916667 0.250000 0.000000
0.666667 0.166667 0.000000
0.666667 0.000000 0.000000
0.722623 0.000000 0.222463
0.723013 0.166667 0.221703
0.805060 0.082247 0.222373
0.805060 0.251087 0.222373
0.776987 0.000000 0.111630
0.777377 0.166667 0.110870
0.694940 0.248913 0.110960
0.694940 0.084420 0.110960
0.750000 0.250000 0.000000
0.750000 0.083333 0.000000
0.833333 0.000000 0.000000
0.833333 0.166667 0.000000
0.666667 0.166667 0.166667
0.833333 0.000000 0.166667
0.666667 0.000000 0.166667
0.833333 0.166667 0.166667
0.888953 0.166667 0.055590
0.889023 0.000000 0.055227
0.972113 0.249973 0.055467
0.972113 0.083360 0.055467
0.944310 0.166667 0.278107
0.944380 0.000000 0.277743
0.861220 0.083307 0.277867
0.861220 0.250027 0.277867
0.916667 0.083333 0.166667
0.916667 0.250000 0.166667
0.722287 0.000000 0.055590
0.722357 0.166667 0.055227
0.805450 0.083307 0.055467
0.805450 0.250027 0.055467
0.777643 0.000000 0.278107
0.777713 0.166667 0.277743
0.694550 0.249973 0.277867
0.694550 0.083360 0.277867
0.750000 0.250000 0.166667
0.750000 0.083333 0.166667
0.892440 0.166667 0.303203
0.886153 0.000000 0.301100
0.970990 0.245107 0.303063
0.970990 0.088230 0.303063
0.886387 0.166667 0.140813
0.886533 0.000000 0.141697
0.974057 0.246290 0.140340
0.974057 0.087043 0.140340
0.946800 0.166667 0.191637
0.946947 0.000000 0.192520
0.859277 0.079623 0.192993
0.859277 0.253710 0.192993
0.947180 0.166667 0.032233
0.940893 0.000000 0.030130
0.862343 0.078437 0.030270
0.862343 0.254893 0.030270
0.915410 0.077717 0.080380
0.915410 0.255617 0.080380
0.837350 0.000000 0.080033
0.997210 0.000000 0.079010
0.917923 0.088950 0.252953
0.917923 0.244383 0.252953
0.995983 0.166667 0.253303
0.836123 0.166667 0.254323
0.725773 0.000000 0.303203
0.719487 0.166667 0.301100
0.804323 0.078437 0.303063
0.804323 0.254893 0.303063
0.719720 0.000000 0.140813
0.719867 0.166667 0.141697
0.807390 0.079623 0.140340
0.807390 0.253710 0.140340
0.780133 0.000000 0.191637
0.780280 0.166667 0.192520
0.692610 0.246290 0.192993
0.692610 0.087043 0.192993
0.780513 0.000000 0.032233
0.774227 0.166667 0.030130
0.695677 0.245107 0.030270
0.695677 0.088230 0.030270
0.748743 0.244383 0.080380
0.748743 0.088950 0.080380
0.670683 0.166667 0.080033
0.830543 0.166667 0.079010
0.751257 0.255617 0.252953
0.751257 0.077717 0.252953
0.829317 0.000000 0.253303
0.669457 0.000000 0.254323
0.889290 0.166667 0.555797
0.889680 0.000000 0.555037
0.971727 0.248913 0.555707
0.971727 0.084420 0.555707
0.943653 0.166667 0.444963
0.944043 0.000000 0.444203
0.861607 0.082247 0.444293
0.861607 0.251087 0.444293
0.916667 0.083333 0.333333
0.916667 0.250000 0.333333
0.666667 0.166667 0.333333
0.666667 0.000000 0.333333
0.722623 0.000000 0.555797
0.723013 0.166667 0.555037
0.805060 0.082247 0.555707
0.805060 0.251087 0.555707
0.776987 0.000000 0.444963
0.777377 0.166667 0.444203
0.694940 0.248913 0.444293
0.694940 0.084420 0.444293
0.750000 0.250000 0.333333
0.750000 0.083333 0.333333
0.833333 0.000000 0.333333
0.833333 0.166667 0.333333
0.666667 0.166667 0.500000
0.833333 0.000000 0.500000
0.666667 0.000000 0.500000
0.833333 0.166667 0.500000
0.888953 0.166667 0.388923
0.889023 0.000000 0.388560
0.972113 0.249973 0.388800
0.972113 0.083360 0.388800
0.944310 0.166667 0.611440
0.944380 0.000000 0.611077
0.861220 0.083307 0.611200
0.861220 0.250027 0.611200
0.916667 0.083333 0.500000
0.916667 0.250000 0.500000
0.722287 0.000000 0.388923
0.722357 0.166667 0.388560
0.805450 0.083307 0.388800
0.805450 0.250027 0.388800
0.777643 0.000000 0.611440
0.777713 0.166667 0.611077
0.694550 0.249973 0.611200
0.694550 0.083360 0.611200
0.750000 0.250000 0.500000
0.750000 0.083333 0.500000
0.892440 0.166667 0.636537
0.886153 0.000000 0.634433
0.970990 0.245107 0.636397
0.970990 0.088230 0.636397
0.886387 0.166667 0.474147
0.886533 0.000000 0.475030
0.974057 0.246290 0.473673
0.974057 0.087043 0.473673
0.946800 0.166667 0.524970
0.946947 0.000000 0.525853
0.859277 0.079623 0.526327
0.859277 0.253710 0.526327
0.947180 0.166667 0.365567
0.940893 0.000000 0.363463
0.862343 0.078437 0.363603
0.862343 0.254893 0.363603
0.915410 0.077717 0.413713
0.915410 0.255617 0.413713
0.837350 0.000000 0.413367
0.997210 0.000000 0.412343
0.917923 0.088950 0.586287
0.917923 0.244383 0.586287
0.995983 0.166667 0.586637
0.836123 0.166667 0.587657
0.725773 0.000000 0.636537
0.719487 0.166667 0.634433
0.804323 0.078437 0.636397
0.804323 0.254893 0.636397
0.719720 0.000000 0.474147
0.719867 0.166667 0.475030
0.807390 0.079623 0.473673
0.807390 0.253710 0.473673
0.780133 0.000000 0.524970
0.780280 0.166667 0.525853
0.692610 0.246290 0.526327
0.692610 0.087043 0.526327
0.780513 0.000000 0.365567
0.774227 0.166667 0.363463
0.695677 0.245107 0.363603
0.695677 0.088230 0.363603
0.748743 0.244383 0.413713
0.748743 0.088950 0.413713
0.670683 0.166667 0.413367
0.830543 0.166667 0.412343
0.751257 0.255617 0.586287
0.751257 0.077717 0.586287
0.829317 0.000000 0.586637
0.669457 0.000000 0.587657
0.889290 0.166667 0.889130
0.889680 0.000000 0.888370
0.971727 0.248913 0.889040
0.971727 0.084420 0.889040
0.943653 0.166667 0.778297
0.944043 0.000000 0.777537
0.861607 0.082247 0.777627
0.861607 0.251087 0.777627
0.916667 0.083333 0.666667
0.916667 0.250000 0.666667
0.666667 0.166667 0.666667
0.666667 0.000000 0.666667
0.722623 0.000000 0.889130
0.723013 0.166667 0.888370
0.805060 0.082247 0.889040
0.805060 0.251087 0.889040
0.776987 0.000000 0.778297
0.777377 0.166667 0.777537
0.694940 0.248913 0.777627
0.694940 0.084420 0.777627
0.750000 0.250000 0.666667
0.750000 0.083333 0.666667
0.833333 0.000000 0.666667
0.833333 0.166667 0.666667
0.666667 0.166667 0.833333
0.833333 0.000000 0.833333
0.666667 0.000000 0.833333
0.833333 0.166667 0.833333
0.888953 0.166667 0.722257
0.889023 0.000000 0.721893
0.972113 0.249973 0.722133
0.972113 0.083360 0.722133
0.944310 0.166667 0.944773
0.944380 0.000000 0.944410
0.861220 0.083307 0.944533
0.861220 0.250027 0.944533
0.916667 0.083333 0.833333
0.916667 0.250000 0.833333
0.722287 0.000000 0.722257
0.722357 0.166667 0.721893
0.805450 0.083307 0.722133
0.805450 0.250027 0.722133
0.777643 0.000000 0.944773
0.777713 0.166667 0.944410
0.694550 0.249973 0.944533
0.694550 0.083360 0.944533
0.750000 0.250000 0.833333
0.750000 0.083333 0.833333
0.892440 0.166667 0.969870
0.886153 0.000000 0.967767
0.970990 0.245107 0.969730
0.970990 0.088230 0.969730
0.886387 0.166667 0.807480
0.886533 0.000000 0.808363
0.974057 0.246290 0.807007
0.974057 0.087043 0.807007
0.946800 0.166667 0.858303
0.946947 0.000000 0.859187
0.859277 0.079623 0.859660
0.859277 0.253710 0.859660
0.947180 0.166667 0.698900
0.940893 0.000000 0.696797
0.862343 0.078437 0.696937
0.862343 0.254893 0.696937
0.915410 0.077717 0.747047
0.915410 0.255617 0.747047
0.837350 0.000000 0.746700
0.997210 0.000000 0.745677
0.917923 0.088950 0.919620
0.917923 0.244383 0.919620
0.995983 0.166667 0.919970
0.836123 0.166667 0.920990
0.725773 0.000000 0.969870
0.719487 0.166667 0.967767
0.804323 0.078437 0.969730
0.804323 0.254893 0.969730
0.719720 0.000000 0.807480
0.719867 0.166667 0.808363
0.807390 0.079623 0.807007
0.807390 0.253710 0.807007
0.780133 0.000000 0.858303
0.780280 0.166667 0.859187
0.692610 0.246290 0.859660
0.692610 0.087043 0.859660
0.780513 0.000000 0.698900
0.774227 0.166667 0.696797
0.695677 0.245107 0.696937
0.695677 0.088230 0.696937
0.748743 0.244383 0.747047
0.748743 0.088950 0.747047
0.670683 0.166667 0.746700
0.830543 0.166667 0.745677
0.751257 0.255617 0.919620
0.751257 0.077717 0.919620
0.829317 0.000000 0.919970
0.669457 0.000000 0.920990
0.889290 0.500000 0.222463
0.889680 0.333333 0.221703
0.971727 0.582247 0.222373
0.971727 0.417753 0.222373
0.943653 0.500000 0.111630
0.944043 0.333333 0.110870
0.861607 0.415580 0.110960
0.861607 0.584420 0.110960
0.916667 0.416667 0.000000
0.916667 0.583333 0.000000
0.666667 0.500000 0.000000
0.666667 0.333333 0.000000
0.722623 0.333333 0.222463
0.723013 0.500000 0.221703
0.805060 0.415580 0.222373
0.805060 0.584420 0.222373
0.776987 0.333333 0.111630
0.777377 0.500000 0.110870
0.694940 0.582247 0.110960
0.694940 0.417753 0.110960
0.750000 0.583333 0.000000
0.750000 0.416667 0.000000
0.833333 0.333333 0.000000
0.833333 0.500000 0.000000
0.666667 0.500000 0.166667
0.833333 0.333333 0.166667
0.666667 0.333333 0.166667
0.833333 0.500000 0.166667
0.888953 0.500000 0.055590
0.889023 0.333333 0.055227
0.972113 0.583307 0.055467
0.972113 0.416693 0.055467
0.944310 0.500000 0.278107
0.944380 0.333333 0.277743
0.861220 0.416640 0.277867
0.861220 0.583360 0.277867
0.916667 0.416667 0.166667
0.916667 0.583333 0.166667
0.722287 0.333333 0.055590
0.722357 0.500000 0.055227
0.805450 0.416640 0.055467
0.805450 0.583360 0.055467
0.777643 0.333333 0.278107
0.777713 0.500000 0.277743
0.694550 0.583307 0.277867
0.694550 0.416693 0.277867
0.750000 0.583333 0.166667
0.750000 0.416667 0.166667
0.892440 0.500000 0.303203
0.886153 0.333333 0.301100
0.970990 0.578440 0.303063
0.970990 0.421563 0.303063
0.886387 0.500000 0.140813
0.886533 0.333333 0.141697
0.974057 0.579623 0.140340
0.974057 0.420377 0.140340
0.946800 0.500000 0.191637
0.946947 0.333333 0.192520
0.859277 0.412957 0.192993
0.859277 0.587043 0.192993
0.947180 0.500000 0.032233
0.940893 0.333333 0.030130
0.862343 0.411770 0.030270
0.862343 0.588227 0.030270
0.915410 0.411050 0.080380
0.915410 0.588950 0.080380
0.837350 0.333333 0.080033
0.997210 0.333333 0.079010
0.917923 0.422283 0.252953
0.917923 0.577717 0.252953
0.995983 0.500000 0.253303
0.836123 0.500000 0.254323
0.725773 0.333333 0.303203
0.719487 0.500000 0.301100
0.804323 0.411770 0.303063
0.804323 0.588227 0.303063
0.719720 0.333333 0.140813
0.719867 0.500000 0.141697
0.807390 0.412957 0.140340
0.807390 0.587043 0.140340
0.780133 0.333333 0.191637
0.780280 0.500000 0.192520
0.692610 0.579623 0.192993
0.692610 0.420377 0.192993
0.780513 0.333333 0.032233
0.774227 0.500000 0.030130
0.695677 0.578440 0.030270
0.695677 0.421563 0.030270
0.748743 0.577717 0.080380
0.748743 0.422283 0.080380
0.670683 0.500000 0.080033
0.830543 0.500000 0.079010
0.751257 0.588950 0.252953
0.751257 0.411050 0.252953
0.829317 0.333333 0.253303
0.669457 0.333333 0.254323
0.889290 0.500000 0.555797
0.889680 0.333333 0.555037
0.971727 0.582247 0.555707
0.971727 0.417753 0.555707
0.943653 0.500000 0.444963
0.944043 0.333333 0.444203
0.861607 0.415580 0.444293
0.861607 0.584420 0.444293
0.916667 0.416667 0.333333
0.916667 0.583333 0.333333
0.666667 0.500000 0.333333
0.666667 0.333333 0.333333
0.722623 0.333333 0.555797
0.723013 0.500000 0.555037
0.805060 0.415580 0.555707
0.805060 0.584420 0.555707
0.776987 0.333333 0.444963
0.777377 0.500000 0.444203
0.694940 0.582247 0.444293
0.694940 0.417753 0.444293
0.750000 0.583333 0.333333
0.750000 0.416667 0.333333
0.833333 0.333333 0.333333
0.833333 0.500000 0.333333
0.666667 0.500000 0.500000
0.833333 0.333333 0.500000
0.666667 0.333333 0.500000
0.833333 0.500000 0.500000
0.888953 0.500000 0.388923
0.889023 0.333333 0.388560
0.972113 0.583307 0.388800
0.972113 0.416693 0.388800
0.944310 0.500000 0.611440
0.944380 0.333333 0.611077
0.861220 0.416640 0.611200
0.861220 0.583360 0.611200
0.916667 0.416667 0.500000
0.916667 0.583333 0.500000
0.722287 0.333333 0.388923
0.722357 0.500000 0.388560
0.805450 0.416640 0.388800
0.805450 0.583360 0.388800
0.777643 0.333333 0.611440
0.777713 0.500000 0.611077
0.694550 0.583307 0.611200
0.694550 0.416693 0.611200
0.750000 0.583333 0.500000
0.750000 0.416667 0.500000
0.892440 0.500000 0.636537
0.886153 0.333333 0.634433
0.970990 0.578440 0.636397
0.970990 0.421563 0.636397
0.886387 0.500000 0.474147
0.886533 0.333333 0.475030
0.974057 0.579623 0.473673
0.974057 0.420377 0.473673
0.946800 0.500000 0.524970
0.946947 0.333333 0.525853
0.859277 0.412957 0.526327
0.859277 0.587043 0.526327
0.947180 0.500000 0.365567
0.940893 0.333333 0.363463
0.862343 0.411770 0.363603
0.862343 0.588227 0.363603
0.915410 0.411050 0.413713
0.915410 0.588950 0.413713
0.837350 0.333333 0.413367
0.997210 0.333333 0.412343
0.917923 0.422283 0.586287
0.917923 0.577717 0.586287
0.995983 0.500000 0.586637
0.836123 0.500000 0.587657
0.725773 0.333333 0.636537
0.719487 0.500000 0.634433
0.804323 0.411770 0.636397
0.804323 0.588227 0.636397
0.719720 0.333333 0.474147
0.719867 0.500000 0.475030
0.807390 0.412957 0.473673
0.807390 0.587043 0.473673
0.780133 0.333333 0.524970
0.780280 0.500000 0.525853
0.692610 0.579623 0.526327
0.692610 0.420377 0.526327
0.780513 0.333333 0.365567
0.774227 0.500000 0.363463
0.695677 0.578440 0.363603
0.695677 0.421563 0.363603
0.748743 0.577717 0.413713
0.748743 0.422283 0.413713
0.670683 0.500000 0.413367
0.830543 0.500000 0.412343
0.751257 0.588950 0.586287
0.751257 0.411050 0.586287
0.829317 0.333333 0.586637
0.669457 0.333333 0.587657
0.889290 0.500000 0.889130
0.889680 0.333333 0.888370
0.971727 0.582247 0.889040
0.971727 0.417753 0.889040
0.943653 0.500000 0.778297
0.944043 0.333333 0.777537
0.861607 0.415580 0.777627
0.861607 0.584420 0.777627
0.916667 0.416667 0.666667
0.916667 0.583333 0.666667
0.666667 0.500000 0.666667
0.666667 0.333333 0.666667
0.722623 0.333333 0.889130
0.723013 0.500000 0.888370
0.805060 0.415580 0.889040
0.805060 0.584420 0.889040
0.776987 0.333333 0.778297
0.777377 0.500000 0.777537
0.694940 0.582247 0.777627
0.694940 0.417753 0.777627
0.750000 0.583333 0.666667
0.750000 0.416667 0.666667
0.833333 0.333333 0.666667
0.833333 0.500000 0.666667
0.666667 0.500000 0.833333
0.833333 0.333333 0.833333
0.666667 0.333333 0.833333
0.833333 0.500000 0.833333
0.888953 0.500000 0.722257
0.889023 0.333333 0.721893
0.972113 0.583307 0.722133
0.972113 0.416693 0.722133
0.944310 0.500000 0.944773
0.944380 0.333333 0.944410
0.861220 0.416640 0.944533
0.861220 0.583360 0.944533
0.916667 0.416667 0.833333
0.916667 0.583333 0.833333
0.722287 0.333333 0.722257
0.722357 0.500000 0.721893
0.805450 0.416640 0.722133
0.805450 0.583360 0.722133
0.777643 0.333333 0.944773
0.777713 0.500000 0.944410
0.694550 0.583307 0.944533
0.694550 0.416693 0.944533
0.750000 0.583333 0.833333
0.750000 0.416667 0.833333
0.892440 0.500000 0.969870
0.886153 0.333333 0.967767
0.970990 0.578440 0.969730
0.970990 0.421563 0.969730
0.886387 0.500000 0.807480
0.886533 0.333333 0.808363
0.974057 0.579623 0.807007
0.974057 0.420377 0.807007
0.946800 0.500000 0.858303
0.946947 0.333333 0.859187
0.859277 0.412957 0.859660
0.859277 0.587043 0.859660
0.947180 0.500000 0.698900
0.940893 0.333333 0.696797
0.862343 0.411770 0.696937
0.862343 0.588227 0.696937
0.915410 0.411050 0.747047
0.915410 0.588950 0.747047
0.837350 0.333333 0.746700
0.997210 0.333333 0.745677
0.917923 0.422283 0.919620
0.917923 0.577717 0.919620
0.995983 0.500000 0.919970
0.836123 0.500000 0.920990
0.725773 0.333333 0.969870
0.719487 0.500000 0.967767
0.804323 0.411770 0.969730
0.804323 0.588227 0.969730
0.719720 0.333333 0.807480
0.719867 0.500000 0.808363
0.807390 0.412957 0.807007
0.807390 0.587043 0.807007
0.780133 0.333333 0.858303
0.780280 0.500000 0.859187
0.692610 0.579623 0.859660
0.692610 0.420377 0.859660
0.780513 0.333333 0.698900
0.774227 0.500000 0.696797
0.695677 0.578440 0.696937
0.695677 0.421563 0.696937
0.748743 0.577717 0.747047
0.748743 0.422283 0.747047
0.670683 0.500000 0.746700
0.830543 0.500000 0.745677
0.751257 0.588950 0.919620
0.751257 0.411050 0.919620
0.829317 0.333333 0.919970
0.669457 0.333333 0.920990
0.889290 0.833333 0.222463
0.889680 0.666667 0.221703
0.971727 0.915580 0.222373
0.971727 0.751087 0.222373
0.943653 0.833333 0.111630
0.944043 0.666667 0.110870
0.861607 0.748913 0.110960
0.861607 0.917753 0.110960
0.916667 0.750000 0.000000
0.916667 0.916667 0.000000
0.666667 0.833333 0.000000
0.666667 0.666667 0.000000
0.722623 0.666667 0.222463
0.723013 0.833333 0.221703
0.805060 0.748913 0.222373
0.805060 0.917753 0.222373
0.776987 0.666667 0.111630
0.777377 0.833333 0.110870
0.694940 0.915580 0.110960
0.694940 0.751087 0.110960
0.750000 0.916667 0.000000
0.750000 0.750000 0.000000
0.833333 0.666667 0.000000
0.833333 0.833333 0.000000
0.666667 0.833333 0.166667
0.833333 0.666667 0.166667
0.666667 0.666667 0.166667
0.833333 0.833333 0.166667
0.888953 0.833333 0.055590
0.889023 0.666667 0.055227
0.972113 0.916640 0.055467
0.972113 0.750027 0.055467
0.944310 0.833333 0.278107
0.944380 0.666667 0.277743
0.861220 0.749973 0.277867
0.861220 0.916693 0.277867
0.916667 0.750000 0.166667
0.916667 0.916667 0.166667
0.722287 0.666667 0.055590
0.722357 0.833333 0.055227
0.805450 0.749973 0.055467
0.805450 0.916693 0.055467
0.777643 0.666667 0.278107
0.777713 0.833333 0.277743
0.694550 0.916640 0.277867
0.694550 0.750027 0.277867
0.750000 0.916667 0.166667
0.750000 0.750000 0.166667
0.892440 0.833333 0.303203
0.886153 0.666667 0.301100
0.970990 0.911773 0.303063
0.970990 0.754897 0.303063
0.886387 0.833333 0.140813
0.886533 0.666667 0.141697
0.974057 0.912957 0.140340
0.974057 0.753710 0.140340
0.946800 0.833333 0.191637
0.946947 0.666667 0.192520
0.859277 0.746290 0.192993
0.859277 0.920377 0.192993
0.947180 0.833333 0.032233
0.940893 0.666667 0.030130
0.862343 0.745103 0.030270
0.862343 0.921560 0.030270
0.915410 0.744383 0.080380
0.915410 0.922283 0.080380
0.837350 0.666667 0.080033
0.997210 0.666667 0.079010
0.917923 0.755617 0.252953
0.917923 0.911050 0.252953
0.995983 0.833333 0.253303
0.836123 0.833333 0.254323
0.725773 0.666667 0.303203
0.719487 0.833333 0.301100
0.804323 0.745103 0.303063
0.804323 0.921560 0.303063
0.719720 0.666667 0.140813
0.719867 0.833333 0.141697
0.807390 0.746290 0.140340
0.807390 0.920377 0.140340
0.780133 0.666667 0.191637
0.780280 0.833333 0.192520
0.692610 0.912957 0.192993
0.692610 0.753710 0.192993
0.780513 0.666667 0.032233
0.774227 0.833333 0.030130
0.695677 0.911773 0.030270
0.695677 0.754897 0.030270
0.748743 0.911050 0.080380
0.748743 0.755617 0.080380
0.670683 0.833333 0.080033
0.830543 0.833333 0.079010
0.751257 0.922283 0.252953
0.751257 0.744383 0.252953
0.829317 0.666667 0.253303
0.669457 0.666667 0.254323
0.889290 0.833333 0.555797
0.889680 0.666667 0.555037
0.971727 0.915580 0.555707
0.971727 0.751087 0.555707
0.943653 0.833333 0.444963
0.944043 0.666667 0.444203
0.861607 0.748913 0.444293
0.861607 0.917753 0.444293
0.916667 0.750000 0.333333
0.916667 0.916667 0.333333
0.666667 0.833333 0.333333
0.666667 0.666667 0.333333
0.722623 0.666667 0.555797
0.723013 0.833333 0.555037
0.805060 0.748913 0.555707
0.805060 0.917753 0.555707
0.776987 0.666667 0.444963
0.777377 0.833333 0.444203
0.694940 0.915580 0.444293
0.694940 0.751087 0.444293
0.750000 0.916667 0.333333
0.750000 0.750000 0.333333
0.833333 0.666667 0.333333
0.833333 0.833333 0.333333
0.666667 0.833333 0.500000
0.833333 0.666667 0.500000
0.666667 0.666667 0.500000
0.833333 0.833333 0.500000
0.888953 0.833333 0.388923
0.889023 0.666667 0.388560
0.972113 0.916640 0.388800
0.972113 0.750027 0.388800
0.944310 0.833333 0.611440
0.944380 0.666667 0.611077
0.861220 0.749973 0.611200
0.861220 0.916693 0.611200
0.916667 0.750000 0.500000
0.916667 0.916667 0.500000
0.722287 0.666667 0.388923
0.722357 0.833333 0.388560
0.805450 0.749973 0.388800
0.805450 0.916693 0.388800
0.777643 0.666667 0.611440
0.777713 0.833333 0.611077
0.694550 0.916640 0.611200
0.694550 0.750027 0.611200
0.750000 0.916667 0.500000
0.750000 0.750000 0.500000
0.892440 0.833333 0.636537
0.886153 0.666667 0.634433
0.970990 0.911773 0.636397
0.970990 0.754897 0.636397
0.886387 0.833333 0.474147
0.886533 0.666667 0.475030
0.974057 0.912957 0.473673
0.974057 0.753710 0.473673
0.946800 0.833333 0.524970
0.946947 0.666667 0.525853
0.859277 0.746290 0.526327
0.859277 0.920377 0.526327
0.947180 0.833333 0.365567
0.940893 0.666667 0.363463
0.862343 0.745103 0.363603
0.862343 0.921560 0.363603
0.915410 0.744383 0.413713
0.915410 0.922283 0.413713
0.837350 0.666667 0.413367
0.997210 0.666667 0.412343
0.917923 0.755617 0.586287
0.917923 0.911050 0.586287
0.995983 0.833333 0.586637
0.836123 0.833333 0.587657
0.725773 0.666667 0.636537
0.719487 0.833333 0.634433
0.804323 0.745103 0.636397
0.804323 0.921560 0.636397
0.719720 0.666667 0.474147
0.719867 0.833333 0.475030
0.807390 0.746290 0.473673
0.807390 0.920377 0.473673
0.780133 0.666667 0.524970
0.780280 0.833333 0.525853
0.692610 0.912957 0.526327
0.692610 0.753710 0.526327
0.780513 0.666667 0.365567
0.774227 0.833333 0.363463
0.695677 0.911773 0.363603
0.695677 0.754897 0.363603
0.748743 0.911050 0.413713
0.748743 0.755617 0.413713
0.670683 0.833333 0.413367
0.830543 0.833333 0.412343
0.751257 0.922283 0.586287
0.751257 0.744383 0.586287
0.829317 0.666667 0.586637
0.669457 0.666667 0.587657
0.889290 0.833333 0.889130
0.889680 0.666667 0.888370
0.971727 0.915580 0.889040
0.971727 0.751087 0.889040
0.943653 0.833333 0.778297
0.944043 0.666667 0.777537
0.861607 0.748913 0.777627
0.861607 0.917753 0.777627
0.916667 0.750000 0.666667
0.916667 0.916667 0.666667
0.666667 0.833333 0.666667
0.666667 0.666667 0.666667
0.722623 0.666667 0.889130
0.723013 0.833333 0.888370
0.805060 0.748913 0.889040
0.805060 0.917753 0.889040
0.776987 0.666667 0.778297
0.777377 0.833333 0.777537
0.694940 0.915580 0.777627
0.694940 0.751087 0.777627
0.750000 0.916667 0.666667
0.750000 0.750000 0.666667
0.833333 0.666667 0.666667
0.833333 0.833333 0.666667
0.666667 0.833333 0.833333
0.833333 0.666667 0.833333
0.666667 0.666667 0.833333
0.833333 0.833333 0.833333
0.888953 0.833333 0.722257
0.889023 0.666667 0.721893
0.972113 0.916640 0.722133
0.972113 0.750027 0.722133
0.944310 0.833333 0.944773
0.944380 0.666667 0.944410
0.861220 0.749973 0.944533
0.861220 0.916693 0.944533
0.916667 0.750000 0.833333
0.916667 0.916667 0.833333
0.722287 0.666667 0.722257
0.722357 0.833333 0.721893
0.805450 0.749973 0.722133
0.805450 0.916693 0.722133
0.777643 0.666667 0.944773
0.777713 0.833333 0.944410
0.694550 0.916640 0.944533
0.694550 0.750027 0.944533
0.750000 0.916667 0.833333
0.750000 0.750000 0.833333
0.892440 0.833333 0.969870
0.886153 0.666667 0.967767
0.970990 0.911773 0.969730
0.970990 0.754897 0.969730
0.886387 0.833333 0.807480
0.886533 0.666667 0.808363
0.974057 0.912957 0.807007
0.974057 0.753710 0.807007
0.946800 0.833333 0.858303
0.946947 0.666667 0.859187
0.859277 0.746290 0.859660
0.859277 0.920377 0.859660
0.947180 0.833333 0.698900
0.940893 0.666667 0.696797
0.862343 0.745103 0.696937
0.862343 0.921560 0.696937
0.915410 0.744383 0.747047
0.915410 0.922283 0.747047
0.837350 0.666667 0.746700
0.997210 0.666667 0.745677
0.917923 0.755617 0.919620
0.917923 0.911050 0.919620
0.995983 0.833333 0.919970
0.836123 0.833333 0.920990
0.725773 0.666667 0.969870
0.719487 0.833333 0.967767
0.804323 0.745103 0.969730
0.804323 0.921560 0.969730
0.719720 0.666667 0.807480
0.719867 0.833333 0.808363
0.807390 0.746290 0.807007
0.807390 0.920377 0.807007
0.780133 0.666667 0.858303
0.780280 0.833333 0.859187
0.692610 0.912957 0.859660
0.692610 0.753710 0.859660
0.780513 0.666667 0.698900
0.774227 0.833333 0.696797
0.695677 0.911773 0.696937
0.695677 0.754897 0.696937
0.748743 0.911050 0.747047
0.748743 0.755617 0.747047
0.670683 0.833333 0.746700
0.830543 0.833333 0.745677
0.751257 0.922283 0.919620
0.751257 0.744383 0.919620
0.829317 0.666667 0.919970
0.669457 0.666667 0.920990
