0.0 0.5 0.0
0.0 0.0 0.0
0.33574 0.0 0.66739
0.33808 0.5 0.66511
0.83036 0.24674 0.66712
0.83036 0.75326 0.66712
0.66192 0.0 0.33489
0.66426 0.5 0.33261
0.16964 0.74674 0.33288
0.16964 0.25326 0.33288
0.5 0.75 0.0
0.5 0.25 0.0
0.0 0.5 0.5
0.0 0.0 0.5
0.33372 0.0 0.16677
0.33414 0.5 0.16568
0.8327 0.24992 0.1664
0.8327 0.75008 0.1664
0.66586 0.0 0.83432
0.66628 0.5 0.83323
0.1673 0.74992 0.8336
0.1673 0.25008 0.8336
0.5 0.75 0.5
0.5 0.25 0.5
0.35464 0.0 0.90961
0.31692 0.5 0.9033
0.82594 0.23531 0.90919
0.82594 0.76468 0.90919
0.31832 0.0 0.42244
0.3192 0.5 0.42509
0.84434 0.23887 0.42102
0.84434 0.76113 0.42102
0.6808 0.0 0.57491
0.68168 0.5 0.57756
0.15566 0.73887 0.57898
0.15566 0.26113 0.57898
0.68308 0.0 0.0967
0.64536 0.5 0.09039
0.17406 0.73532 0.09081
0.17406 0.26469 0.09081
0.49246 0.73315 0.24114
0.49246 0.26685 0.24114
0.0241 0.5 0.2401
0.98326 0.5 0.23703
0.50754 0.76685 0.75886
0.50754 0.23315 0.75886
0.9759 0.0 0.75991
0.01674 0.0 0.76297
