0.000000000         0.000000000         0.000000000
0.000000000         0.500000000         0.000000000
0.500000000         0.000000000         0.000000000
0.500000000         0.500000000         0.000000000
0.333335000         0.166665000         0.333330000
0.333335000         0.666665000         0.333330000
0.833335000         0.166665000         0.333330000
0.833335000         0.666665000         0.333330000
0.166665000         0.333335000         0.666670000
0.166665000         0.833335000         0.666670000
0.666665000         0.333335000         0.666670000
0.666665000         0.833335000         0.666670000
0.166665000         0.333335000         0.166670000
0.166665000         0.833335000         0.166670000
0.666665000         0.333335000         0.166670000
0.666665000         0.833335000         0.166670000
0.000000000         0.000000000         0.500000000
0.000000000         0.500000000         0.500000000
0.500000000         0.000000000         0.500000000
0.500000000         0.500000000         0.500000000
0.333335000         0.166665000         0.833330000
0.333335000         0.666665000         0.833330000
0.833335000         0.166665000         0.833330000
0.833335000         0.666665000         0.833330000
0.000000000         0.000000000         0.240010000
0.000000000         0.500000000         0.240010000
0.500000000         0.000000000         0.240010000
0.500000000         0.500000000         0.240010000
0.333335000         0.166665000         0.093330000
0.333335000         0.666665000         0.093330000
0.833335000         0.166665000         0.093330000
0.833335000         0.666665000         0.093330000
0.333335000         0.166665000         0.573340000
0.333335000         0.666665000         0.573340000
0.833335000         0.166665000         0.573340000
0.833335000         0.666665000         0.573340000
0.166665000         0.333335000         0.426660000
0.166665000         0.833335000         0.426660000
0.666665000         0.333335000         0.426660000
0.666665000         0.833335000         0.426660000
0.166665000         0.333335000         0.906670000
0.166665000         0.833335000         0.906670000
0.666665000         0.333335000         0.906670000
0.666665000         0.833335000         0.906670000
0.000000000         0.000000000         0.759990000
0.000000000         0.500000000         0.759990000
0.500000000         0.000000000         0.759990000
0.500000000         0.500000000         0.759990000

