0.66787 0.5 0.66739
0.66904 0.0 0.66511
0.91518 0.74674 0.66712
0.91518 0.25326 0.66712
0.83096 0.5 0.33489
0.83213 0.0 0.33261
0.58482 0.24674 0.33288
0.58482 0.75326 0.33288
0.75 0.25 0.0
0.75 0.75 0.0
0.0 0.5 0.0
0.0 0.0 0.0
0.16787 0.0 0.66739
0.16904 0.5 0.66511
0.41518 0.24674 0.66712
0.41518 0.75326 0.66712
0.33096 0.0 0.33489
0.33213 0.5 0.33261
0.08482 0.74674 0.33288
0.08482 0.25326 0.33288
0.25 0.75 0.0
0.25 0.25 0.0
0.5 0.0 0.0
0.5 0.5 0.0
0.0 0.5 0.5
0.5 0.0 0.5
0.0 0.0 0.5
0.5 0.5 0.5
0.66686 0.5 0.16677
0.66707 0.0 0.16568
0.91634 0.74992 0.1664
0.91634 0.25008 0.1664
0.83293 0.5 0.83432
0.83314 0.0 0.83323
0.58366 0.24992 0.8336
0.58366 0.75008 0.8336
0.75 0.25 0.5
0.75 0.75 0.5
0.16686 0.0 0.16677
0.16707 0.5 0.16568
0.41635 0.24992 0.1664
0.41635 0.75008 0.1664
0.33293 0.0 0.83432
0.33314 0.5 0.83323
0.08365 0.74992 0.8336
0.08365 0.25008 0.8336
0.25 0.75 0.5
0.25 0.25 0.5
0.67732 0.5 0.90961
0.65846 0.0 0.9033
0.91297 0.73532 0.90919
0.91297 0.26469 0.90919
0.65916 0.5 0.42244
0.6596 0.0 0.42509
0.92217 0.73887 0.42102
0.92217 0.26113 0.42102
0.8404 0.5 0.57491
0.84084 0.0 0.57756
0.57783 0.23887 0.57898
0.57783 0.76113 0.57898
0.84154 0.5 0.0967
0.82268 0.0 0.09039
0.58703 0.23531 0.09081
0.58703 0.76468 0.09081
0.74623 0.23315 0.24114
0.74623 0.76685 0.24114
0.51205 0.0 0.2401
0.99163 0.0 0.23703
0.75377 0.26685 0.75886
0.75377 0.73315 0.75886
0.98795 0.5 0.75991
0.50837 0.5 0.76297
0.17732 0.0 0.90961
0.15846 0.5 0.9033
0.41297 0.23531 0.90919
0.41297 0.76468 0.90919
0.15916 0.0 0.42244
0.1596 0.5 0.42509
0.42217 0.23887 0.42102
0.42217 0.76113 0.42102
0.3404 0.0 0.57491
0.34084 0.5 0.57756
0.07783 0.73887 0.57898
0.07783 0.26113 0.57898
0.34154 0.0 0.0967
0.32268 0.5 0.09039
0.08703 0.73532 0.09081
0.08703 0.26469 0.09081
0.24623 0.73315 0.24114
0.24623 0.26685 0.24114
0.01205 0.5 0.2401
0.49163 0.5 0.23703
0.25377 0.76685 0.75886
0.25377 0.23315 0.75886
0.48795 0.0 0.75991
0.00837 0.0 0.76297
