0.999882000         0.000437000         0.498929000
0.136191000         0.084083000         0.835429000
0.068875000         0.169963000         0.165112000
0.199234000         0.000638000         0.503197000
0.334423000         0.086228000         0.831258000
0.265617000         0.163911000         0.164598000
0.399799000         0.997519000         0.501471000
0.531277000         0.080976000         0.831023000
0.464121000         0.162772000         0.165478000
0.603350000         0.997199000         0.502347000
0.730463000         0.077504000         0.833658000
0.664895000         0.163813000         0.169066000
0.804300000         0.003670000         0.500920000
0.929829000         0.083504000         0.834189000
0.869125000         0.165089000         0.169531000
0.004379000         0.245836000         0.497488000
0.135914000         0.336148000         0.834306000
0.071700000         0.418689000         0.165905000
0.203469000         0.255224000         0.498944000
0.329310000         0.331345000         0.835126000
0.265926000         0.414685000         0.167045000
0.395630000         0.246707000         0.499778000
0.532150000         0.332718000         0.832168000
0.465837000         0.425373000         0.167787000
0.597423000         0.248327000         0.502000000
0.730545000         0.331342000         0.831626000
0.663059000         0.413668000         0.163546000
0.800146000         0.247220000         0.502359000
0.934817000         0.336094000         0.831468000
0.868275000         0.418662000         0.164983000
0.005433000         0.500150000         0.498086000
0.135401000         0.584611000         0.832961000
0.069459000         0.666207000         0.164169000
0.203011000         0.498988000         0.501639000
0.333389000         0.583216000         0.831679000
0.267618000         0.668668000         0.166969000
0.399062000         0.502095000         0.499126000
0.532918000         0.585772000         0.834804000
0.467527000         0.666387000         0.167910000
0.600100000         0.502685000         0.497050000
0.732488000         0.584603000         0.836308000
0.664284000         0.664990000         0.168879000
0.796639000         0.500674000         0.498463000
0.930683000         0.583409000         0.833784000
0.864614000         0.670317000         0.165904000
0.003475000         0.754064000         0.496309000
0.134565000         0.834067000         0.834693000
0.069316000         0.916545000         0.167974000
0.203719000         0.751120000         0.500972000
0.327685000         0.831789000         0.831828000
0.268924000         0.919287000         0.164261000
0.399881000         0.751034000         0.500771000
0.531156000         0.835204000         0.832064000
0.464799000         0.913161000         0.165460000
0.594603000         0.742269000         0.499942000
0.733308000         0.834911000         0.834809000
0.667499000         0.918499000         0.169413000
0.797451000         0.751040000         0.500094000
0.932198000         0.834856000         0.832686000
0.863132000         0.912114000         0.169785000
0.197936000         0.996369000         0.999945000
0.335738000         0.083134000         0.333290000
0.266440000         0.167204000         0.668140000
0.397679000         0.998683000         0.998307000
0.533730000         0.082436000         0.331938000
0.465298000         0.164266000         0.667780000
0.599224000         0.001314000         0.002520000
0.736173000         0.082551000         0.334937000
0.666371000         0.164769000         0.665776000
0.797825000         0.000633000         0.002306000
0.934254000         0.081157000         0.334933000
0.866119000         0.168474000         0.666975000
0.000055000         0.252040000         0.002433000
0.134965000         0.335868000         0.334419000
0.068702000         0.420671000         0.665699000
0.200488000         0.251019000         0.001257000
0.333406000         0.334530000         0.333830000
0.265427000         0.416824000         0.666573000
0.597082000         0.246827000         0.998473000
0.735809000         0.331456000         0.332651000
0.667313000         0.416441000         0.664225000
0.797704000         0.250678000         0.000096000
0.935325000         0.333708000         0.330941000
0.867694000         0.421775000         0.665341000
0.001228000         0.498706000         0.999276000
0.136162000         0.584035000         0.331248000
0.065343000         0.666235000         0.664156000
0.399998000         0.502234000         0.000012000
0.534107000         0.585692000         0.333358000
0.467771000         0.668484000         0.666467000
0.600786000         0.502027000         0.000156000
0.732351000         0.582509000         0.331513000
0.667103000         0.667547000         0.667669000
0.799591000         0.496955000         0.997142000
0.934628000         0.580231000         0.330595000
0.866821000         0.668260000         0.667739000
0.999938000         0.748518000         0.999428000
0.134756000         0.833403000         0.333559000
0.063978000         0.913337000         0.667180000
0.200136000         0.745439000         0.999370000
0.335932000         0.832650000         0.331915000
0.264661000         0.913390000         0.665758000
0.401687000         0.750421000         0.997841000
0.534441000         0.833832000         0.335964000
0.467003000         0.916973000         0.668052000
0.799208000         0.749526000         0.999807000
0.931713000         0.827510000         0.333083000
0.864192000         0.917260000         0.669688000
0.200517000         0.501763000         0.998773000
0.601237000         0.755488000         0.001989000
0.334904000         0.588524000         0.333585000
0.733286000         0.832999000         0.334307000
0.266601000         0.668902000         0.666072000
0.665668000         0.915872000         0.668846000
0.996936000         0.998002000         0.000711000
0.397374000         0.248255000         0.000585000
0.133918000         0.082286000         0.338844000
0.535847000         0.334510000         0.331666000
0.064906000         0.167845000         0.666105000
0.465576000         0.417206000         0.664467000
0.004148000         0.990504000         0.260790000
0.123372000         0.075351000         0.594661000
0.055404000         0.162647000         0.927750000
0.991741000         0.005815000         0.742813000
0.119739000         0.073989000         0.079604000
0.070376000         0.161162000         0.413551000
0.205166000         0.011311000         0.259453000
0.336013000         0.077800000         0.593849000
0.273492000         0.170585000         0.921889000
0.193198000         0.985732000         0.739827000
0.336503000         0.091561000         0.078384000
0.259966000         0.162203000         0.414796000
0.396778000         0.986196000         0.253199000
0.535821000         0.073337000         0.590852000
0.464837000         0.174495000         0.921372000
0.404824000         0.006454000         0.744079000
0.536042000         0.077734000         0.077088000
0.464328000         0.170669000         0.408494000
0.608458000         0.996912000         0.262652000
0.726513000         0.079107000         0.594342000
0.654039000         0.158749000         0.926020000
0.602342000         0.993053000         0.745108000
0.727084000         0.090422000         0.075177000
0.676570000         0.171997000         0.405999000
0.794245000         0.997534000         0.261212000
0.937288000         0.087027000         0.587545000
0.860657000         0.164850000         0.927956000
0.794732000         0.993702000         0.744982000
0.926974000         0.075326000         0.077917000
0.862014000         0.166680000         0.409934000
0.002577000         0.258978000         0.259597000
0.129602000         0.322602000         0.586316000
0.070395000         0.423730000         0.925803000
0.007017000         0.258940000         0.741675000
0.135028000         0.342606000         0.076493000
0.073462000         0.421502000         0.405142000
0.190437000         0.245181000         0.259880000
0.341076000         0.339280000         0.587516000
0.268779000         0.425483000         0.923296000
0.188405000         0.241953000         0.746482000
0.338546000         0.330163000         0.081451000
0.266721000         0.426807000         0.408142000
0.404363000         0.244994000         0.259077000
0.525005000         0.326453000         0.591397000
0.459357000         0.416365000         0.926759000
0.404754000         0.263994000         0.746194000
0.531946000         0.322588000         0.072632000
0.475663000         0.421347000         0.406244000
0.602527000         0.257070000         0.255559000
0.745365000         0.340955000         0.587276000
0.673540000         0.418278000         0.921997000
0.597975000         0.240839000         0.738230000
0.736094000         0.336663000         0.072137000
0.660310000         0.407826000         0.412001000
0.798408000         0.238042000         0.256528000
0.937255000         0.348918000         0.593177000
0.858333000         0.410374000         0.923376000
0.800679000         0.263990000         0.740361000
0.940826000         0.337792000         0.074240000
0.874000000         0.417879000         0.402641000
0.996269000         0.502551000         0.253403000
0.136760000         0.579423000         0.589844000
0.071403000         0.661528000         0.926624000
0.994879000         0.507331000         0.740758000
0.141639000         0.588033000         0.075111000
0.060499000         0.654052000         0.404571000
0.207561000         0.511783000         0.257952000
0.337847000         0.596114000         0.593647000
0.260487000         0.663653000         0.923155000
0.196117000         0.505117000         0.740516000
0.334597000         0.583905000         0.069371000
0.274770000         0.675580000         0.408266000
0.403883000         0.512248000         0.259490000
0.532641000         0.575743000         0.585511000
0.474177000         0.680155000         0.925351000
0.407600000         0.507111000         0.740883000
0.533511000         0.593998000         0.076123000
0.463349000         0.672786000         0.409156000
0.595192000         0.488596000         0.250867000
0.742748000         0.595324000         0.591752000
0.671368000         0.680265000         0.927372000
0.597660000         0.505750000         0.740576000
0.742583000         0.582019000         0.073259000
0.662804000         0.669320000         0.408052000
0.804507000         0.492313000         0.260480000
0.929603000         0.584911000         0.593420000
0.861214000         0.652082000         0.922403000
0.807609000         0.506014000         0.737967000
0.926592000         0.569249000         0.071007000
0.874340000         0.664453000         0.406176000
0.992755000         0.740484000         0.257399000
0.125941000         0.819066000         0.585814000
0.059539000         0.923127000         0.920823000
0.994361000         0.752049000         0.741059000
0.138282000         0.823455000         0.077912000
0.071778000         0.923168000         0.414412000
0.207018000         0.748247000         0.260566000
0.329640000         0.833687000         0.592467000
0.259383000         0.900336000         0.921837000
0.197097000         0.747121000         0.736944000
0.328157000         0.820415000         0.070635000
0.278081000         0.919218000         0.405965000
0.395616000         0.749741000         0.257713000
0.535674000         0.831093000         0.594554000
0.474187000         0.915518000         0.927706000
0.395427000         0.758305000         0.742233000
0.541904000         0.842937000         0.076984000
0.462854000         0.908570000         0.406666000
0.599607000         0.752657000         0.263621000
0.733857000         0.832195000         0.597716000
0.667089000         0.923587000         0.930528000
0.598739000         0.748727000         0.740884000
0.730954000         0.840359000         0.076101000
0.676678000         0.924834000         0.412053000
0.793444000         0.752423000         0.253550000
0.930947000         0.830109000         0.596773000
0.867236000         0.913880000         0.924130000
0.803913000         0.741344000         0.745277000
0.927221000         0.833758000         0.074337000
0.861946000         0.901952000         0.408128000