0.8720669999999999
0.8476340000000002
0.8491759999999999
0.8612860000000002
0.8563540000000001
0.8458899999999998
0.8718080000000001
0.850787
0.8442029999999998
0.8638370000000002
0.8599320000000001
0.8571049999999998
0.868436
0.8545440000000002
0.8472040000000001
0.8465039999999999
0.8515869999999999
0.8668089999999999
0.8428819999999999
0.8545669999999999
0.8647830000000001
0.8517790000000001
0.8492320000000002
0.858155
0.8474910000000002
0.8549030000000002
0.8741080000000001
0.8496579999999998
0.853164
0.8615789999999999
0.8683580000000002
0.8598499999999998
0.8601559999999999
0.8709090000000002
0.8689900000000002
0.861316
0.8635000000000002
0.8649849999999999
0.8584309999999999
0.8630629999999999
0.856805
0.8568120000000001
0.865148
0.8654470000000001
0.8503310000000002
0.8491119999999999
0.854142
0.8567930000000001
0.8533019999999998
0.8643860000000001
0.8571309999999999
0.8532639999999998
0.8618420000000002
0.8586610000000001
0.852023
0.8588870000000002
0.8658839999999999
0.851229
0.861103
0.8560270000000001
1.2467439999999996
1.3846340000000001
1.2815080000000005
1.2946639999999991
1.2411759999999994
1.3468339999999994
1.4748
1.4709959999999995
1.3500630000000005
1.3418229999999998
1.2884049999999991
1.2394300000000005
1.3499049999999997
1.3449019999999994
1.4179739999999992
1.2439699999999991
1.2779059999999998
1.2959639999999997
1.3995010000000008
1.4122529999999998
1.2686089999999997
1.3342120000000008
1.4084059999999994
1.3885749999999994
1.3550550000000001
1.3453820000000007
1.4089720000000003
1.3904250000000005
1.3675669999999993
1.348872
1.3055909999999997
1.2954489999999996
1.3616890000000001
1.4297380000000004
1.475289
1.4196299999999997
1.266845
1.2350499999999993
1.4161649999999995
1.4270340000000008
1.4349220000000003
1.3993090000000006
1.3947610000000008
1.3198760000000007
1.3627040000000008
1.3578849999999996
1.3957309999999996
1.344939
1.3512989999999991
1.4167620000000003
1.3756260000000005
1.4255099999999992
1.4174279999999992
1.3535079999999997
1.8254839999999994
1.8794780000000006
1.8153400000000008
1.8049890000000008
1.8827119999999997
1.8329050000000002
-1.1247490000000004
-1.1430600000000002
-1.1051669999999998
-1.1234400000000004
-1.232838
-1.2059040000000003
-1.161816
-1.1166679999999998
-1.202559
-1.1679630000000003
-1.2172929999999997
-1.2153289999999997
-1.1700559999999998
-1.1126680000000002
-1.2007960000000004
-1.147081
-1.142106
-1.138439
-1.0656559999999997
-1.1181609999999997
-1.0644619999999998
-1.1599209999999998
-1.071929
-1.069744
-1.1259839999999999
-1.2145530000000004
-1.0936690000000002
-1.1972500000000004
-1.1694719999999998
-1.1460569999999999
-1.1300410000000003
-1.234007
-1.113982
-1.155234
-1.1553019999999998
-1.0848769999999996
-1.1637120000000003
-1.2319319999999996
-1.169854
-1.2445240000000002
-1.2224690000000002
-1.1489760000000002
-1.118989
-1.175458
-1.1790289999999999
-1.186934
-1.1556290000000002
-1.146357
-1.1763570000000003
-1.149489
-1.1490549999999997
-1.089537
-1.0623069999999997
-1.2141970000000004
-1.1243160000000003
-1.091672
-1.1047820000000002
-1.070189
-1.0912110000000004
-1.046672
-1.129988
-1.164854
-1.0693919999999997
-1.0833950000000003
-1.0926369999999999
-1.0770030000000004
-1.1323980000000002
-1.1236639999999998
-1.0967779999999996
-1.1656310000000003
-1.0552929999999998
-1.087993
-1.1504180000000002
-1.2063509999999997
-1.1421229999999998
-1.1587170000000002
-1.2073280000000004
-1.1209179999999996
-1.227849
-1.114961
-1.1123209999999997
-1.1317979999999999
-1.113258
-1.1479039999999996
-1.0963440000000002
-1.0276769999999997
-1.123335
-1.0347140000000001
-1.067031
-1.1250679999999997
-1.0972790000000003
-1.1926040000000002
-1.2144139999999997
-1.0629720000000002
-1.180154
-1.2066720000000002
-1.0567849999999996
-1.1165690000000001
-1.1811870000000004
-1.1112669999999998
-1.0511400000000002
-1.0814130000000004
-1.0804660000000004
-1.100594
-1.116218
-1.102589
-1.115539
-1.0861489999999998
-1.0586729999999998
-1.0392640000000002
-1.0248720000000002
-1.096654
-1.0916519999999998
-1.1126069999999997
-1.2367410000000003
-1.0399130000000003
-1.147456
-1.111097
-1.1275440000000003
-1.1690170000000002

